

    1: |Aut(M)| =  1,  Cycles:28(6:8:12) 
 "   0  1   2  3   4  5   6  7   8  9  10 11  12 13  14 15  16 17  18 19  20 21  22 23  24 25 "
 "   0  3   1  4   2  5   6  9   7 10   8 13  11 12  14 17  15 18  16 21  19 22  20 25  23 24 "
 "   0  5   1  6   2  7   3 10   4 15   8 23   9 12  11 14  13 22  16 19  17 20  18 25  21 24 "
 "   0  7   1  2   3 16   4 11   5 22   6 13   8 25   9 20  10 23  12 19  14 21  15 24  17 18 "
 "   0  9   1 24   2 21   3  4   5 20   6 15   7 22   8 17  10 13  11 18  12 23  14 19  16 25 "
 "   0 11   1 12   2 23   3 14   4 17   5  8   6 21   7 18   9 22  10 25  13 24  15 16  19 20 "
 "   0 13   1 14   2 17   3 22   4 25   5  6   7  8   9 24  10 19  11 16  12 15  18 21  20 23 "
 "   0 15   1 22   2 25   3 20   4 23   5 14   6 17   7 12   8 11   9 18  10 21  13 16  19 24 "

