

    1: |Aut(M)| =  1,  Cycles:28(6:8:12) 
 "   0  1   2  3   4  5   6  7   8  9  10 11  12 13  14 15  16 17  18 19  20 21  22 23  24 25 "
 "   0  3   1  4   2  5   6  9   7 10   8 13  11 12  14 17  15 18  16 21  19 22  20 25  23 24 "
 "   0  5   1  2   3 14   4 15   6 11   7 20   8 17   9 22  10 21  12 23  13 18  16 25  19 24 "
 "   0  7   1  8   2  9   3 12   4 19   5 16   6 23  10 15  11 20  13 22  14 25  17 18  21 24 "
 "   0  9   1 12   2 19   3 24   4 21   5  6   7  8  10 25  11 18  13 20  14 23  15 16  17 22 "
 "   0 11   1 14   2 21   3 18   4  9   5 22   6 25   7 12   8 23  10 13  15 24  16 19  17 20 "
 "   0 13   1 16   2 23   3 20   4  7   5 14   6 21   8 25   9 18  10 19  11 24  12 17  15 22 "
 "   0 15   1  6   2 17   3 10   4 11   5 24   7 14   8 19   9 20  12 25  13 16  18 23  21 22 "



    2: |Aut(M)| =  1,  Cycles:28(6:8:12) 
 "   0  1   2  3   4  5   6  7   8  9  10 11  12 13  14 15  16 17  18 19  20 21  22 23  24 25 "
 "   0  3   1  4   2  5   6  9   7 10   8 13  11 12  14 17  15 18  16 21  19 22  20 25  23 24 "
 "   0  5   1  2   3 14   4 15   6 11   7 20   8 17   9 22  10 21  12 23  13 18  16 25  19 24 "
 "   0  7   1  8   2 13   3 16   4  9   5  6  10 15  11 24  12 17  14 23  18 25  19 20  21 22 "
 "   0  9   1 20   2 25   3 18   4 11   5 12   6 23   7 24   8 15  10 13  14 21  16 19  17 22 "
 "   0 11   1 14   2  7   3 20   4 23   5  8   6 21   9 18  10 17  12 19  13 24  15 16  22 25 "
 "   0 13   1 24   2  9   3  4   5 10   6 19   7 16   8 23  11 14  12 25  15 22  17 20  18 21 "
 "   0 15   1 16   2 11   3 22   4 13   5 20   6 25   7 18   8 21   9 12  10 23  14 19  17 24 "



    3: |Aut(M)| =  1,  Cycles:28(6:8:12) 
 "   0  1   2  3   4  5   6  7   8  9  10 11  12 13  14 15  16 17  18 19  20 21  22 23  24 25 "
 "   0  3   1  4   2  5   6  9   7 10   8 13  11 12  14 17  15 18  16 21  19 22  20 25  23 24 "
 "   0  5   1  2   3 14   4 15   6 11   7 20   8 17   9 22  10 21  12 23  13 18  16 25  19 24 "
 "   0  7   1 10   2 23   3  4   5 22   6 25   8 15   9 18  11 24  12 17  13 20  14 21  16 19 "
 "   0  9   1 14   2 25   3 16   4 11   5 18   6 13   7 22   8 21  10 23  12 19  15 20  17 24 "
 "   0 11   1 24   2 17   3 22   4 13   5 20   6 19   7  8   9 12  10 15  14 25  16 23  18 21 "
 "   0 13   1 22   2 11   3 20   4 21   5 16   6 23   7 12   8 25   9 14  10 19  15 24  17 18 "
 "   0 15   1 16   2 21   3  6   4 19   5 12   7 14   8 11   9 24  10 25  13 22  17 20  18 23 "



    4: |Aut(M)| =  1,  Cycles:28(6:8:12) 
 "   0  1   2  3   4  5   6  7   8  9  10 11  12 13  14 15  16 17  18 19  20 21  22 23  24 25 "
 "   0  3   1  4   2  5   6  9   7 10   8 13  11 12  14 17  15 18  16 21  19 22  20 25  23 24 "
 "   0  5   1  2   3 14   4 15   6 11   7 20   8 17   9 22  10 21  12 23  13 18  16 25  19 24 "
 "   0  7   1 10   2 25   3 12   4 11   5 22   6 17   8 19   9 20  13 14  15 24  16 23  18 21 "
 "   0  9   1 14   2 11   3 22   4 21   5 16   6 25   7  8  10 23  12 15  13 24  17 18  19 20 "
 "   0 11   1 12   2  7   3 20   4 25   5  8   6 19   9 16  10 13  14 21  15 22  17 24  18 23 "
 "   0 13   1 18   2 21   3 24   4  9   5 10   6 15   7 22   8 11  12 17  14 25  16 19  20 23 "
 "   0 15   1 24   2 13   3 16   4  7   5 20   6 21   8 23   9 18  10 25  11 14  12 19  17 22 "



    5: |Aut(M)| =  1,  Cycles:28(6:8:12) 
 "   0  1   2  3   4  5   6  7   8  9  10 11  12 13  14 15  16 17  18 19  20 21  22 23  24 25 "
 "   0  3   1  4   2  5   6  9   7 10   8 13  11 12  14 17  15 18  16 21  19 22  20 25  23 24 "
 "   0  5   1  2   3 14   4 15   6 11   7 20   8 17   9 22  10 21  12 23  13 18  16 25  19 24 "
 "   0  7   1 12   2 17   3 18   4 13   5  6   8 21   9 14  10 23  11 20  15 24  16 19  22 25 "
 "   0  9   1 18   2 25   3  4   5 24   6 19   7  8  10 17  11 22  12 15  13 16  14 21  20 23 "
 "   0 11   1 24   2 21   3 22   4 17   5  8   6 13   7 18   9 16  10 19  12 25  14 23  15 20 "
 "   0 13   1 20   2 19   3 16   4  9   5 14   6 23   7 24   8 11  10 15  12 21  17 22  18 25 "
 "   0 15   1 16   2 11   3  8   4 23   5 18   6 25   7 22   9 10  12 17  13 14  19 20  21 24 "



    6: |Aut(M)| =  1,  Cycles:28(6:8:12) 
 "   0  1   2  3   4  5   6  7   8  9  10 11  12 13  14 15  16 17  18 19  20 21  22 23  24 25 "
 "   0  3   1  4   2  5   6  9   7 10   8 13  11 12  14 17  15 18  16 21  19 22  20 25  23 24 "
 "   0  5   1  2   3 14   4 15   6 11   7 20   8 17   9 22  10 21  12 23  13 18  16 25  19 24 "
 "   0  7   1 12   2 19   3 20   4 13   5  6   8 23   9 16  10 25  11 14  15 24  17 18  21 22 "
 "   0  9   1 16   2 15   3 22   4 25   5 10   6 13   7 18   8 19  11 24  12 17  14 21  20 23 "
 "   0 11   1 14   2  7   3 16   4 21   5  8   6 17   9 12  10 23  13 24  15 22  18 25  19 20 "
 "   0 13   1 24   2 25   3 10   4 11   5 12   6 19   7 16   8 21   9 14  15 20  17 22  18 23 "
 "   0 15   1  6   2 21   3  8   4 19   5 24   7 12   9 20  10 17  11 18  13 14  16 23  22 25 "



    7: |Aut(M)| =  1,  Cycles:28(6:8:12) 
 "   0  1   2  3   4  5   6  7   8  9  10 11  12 13  14 15  16 17  18 19  20 21  22 23  24 25 "
 "   0  3   1  4   2  5   6  9   7 10   8 13  11 12  14 17  15 18  16 21  19 22  20 25  23 24 "
 "   0  5   1  2   3 14   4 15   6 11   7 20   8 17   9 22  10 21  12 23  13 18  16 25  19 24 "
 "   0  7   1 14   2  9   3 22   4 11   5 18   6 19   8 23  10 15  12 25  13 16  17 20  21 24 "
 "   0  9   1 18   2 25   3  8   4 19   5 24   6 23   7 16  10 17  11 22  12 15  13 20  14 21 "
 "   0 11   1 12   2 21   3  4   5  8   6 15   7 18   9 20  10 25  13 22  14 19  16 23  17 24 "
 "   0 13   1 16   2 17   3 12   4  9   5 22   6 25   7 14   8 11  10 19  15 24  18 21  20 23 "
 "   0 15   1 22   2 11   3 24   4 25   5  6   7 12   8 21   9 16  10 13  14 23  17 18  19 20 "



    8: |Aut(M)| =  1,  Cycles:28(6:8:12) 
 "   0  1   2  3   4  5   6  7   8  9  10 11  12 13  14 15  16 17  18 19  20 21  22 23  24 25 "
 "   0  3   1  4   2  5   6  9   7 10   8 13  11 12  14 17  15 18  16 21  19 22  20 25  23 24 "
 "   0  5   1  2   3 14   4 15   6 11   7 20   8 17   9 22  10 21  12 23  13 18  16 25  19 24 "
 "   0  7   1 16   2 19   3 12   4 23   5 14   6 13   8 11   9 20  10 25  15 22  17 18  21 24 "
 "   0  9   1 10   2 23   3 20   4 13   5  6   7 16   8 21  11 22  12 17  14 19  15 24  18 25 "
 "   0 11   1 20   2 13   3  8   4  9   5 12   6 15   7 18  10 19  14 21  16 23  17 24  22 25 "
 "   0 13   1 18   2 17   3 22   4  7   5  8   6 23   9 16  10 15  11 24  12 21  14 25  19 20 "
 "   0 15   1  8   2  7   3 24   4 19   5 16   6 25   9 12  10 23  11 14  13 22  17 20  18 21 "



    9: |Aut(M)| =  1,  Cycles:28(6:8:12) 
 "   0  1   2  3   4  5   6  7   8  9  10 11  12 13  14 15  16 17  18 19  20 21  22 23  24 25 "
 "   0  3   1  4   2  5   6  9   7 10   8 13  11 12  14 17  15 18  16 21  19 22  20 25  23 24 "
 "   0  5   1  2   3 14   4 15   6 11   7 20   8 17   9 22  10 21  12 23  13 18  16 25  19 24 "
 "   0  7   1 20   2 21   3 16   4 23   5 10   6 13   8 15   9 18  11 24  12 17  14 19  22 25 "
 "   0  9   1 24   2 17   3 12   4  7   5 20   6 15   8 25  10 23  11 18  13 22  14 21  16 19 "
 "   0 11   1  6   2 13   3 18   4 21   5 16   7  8   9 10  12 19  14 25  15 22  17 24  20 23 "
 "   0 13   1 22   2  7   3 10   4 25   5  8   6 21   9 24  11 16  12 15  14 23  17 18  19 20 "
 "   0 15   1 18   2 11   3  8   4 13   5 24   6 19   7 14   9 12  10 25  16 23  17 20  21 22 "



   10: |Aut(M)| =  1,  Cycles:28(6:8:12) 
 "   0  1   2  3   4  5   6  7   8  9  10 11  12 13  14 15  16 17  18 19  20 21  22 23  24 25 "
 "   0  3   1  4   2  5   6  9   7 10   8 13  11 12  14 17  15 18  16 21  19 22  20 25  23 24 "
 "   0  5   1  2   3 14   4 15   6 11   7 20   8 17   9 22  10 21  12 23  13 18  16 25  19 24 "
 "   0  7   1 22   2 11   3 20   4 17   5 18   6 15   8 23   9 12  10 25  13 14  16 19  21 24 "
 "   0  9   1 24   2 13   3 16   4 19   5 14   6 21   7  8  10 15  11 18  12 17  20 23  22 25 "
 "   0 11   1  6   2 19   3 22   4 21   5 12   7 16   8 15   9 20  10 17  13 24  14 25  18 23 "
 "   0 13   1 14   2 15   3 12   4 23   5 20   6 19   7 24   8 21   9 10  11 16  17 22  18 25 "
 "   0 15   1 18   2  7   3  8   4 11   5 24   6 17   9 16  10 23  12 25  13 20  14 19  21 22 "



   11: |Aut(M)| =  1,  Cycles:28(6:8:12) 
 "   0  1   2  3   4  5   6  7   8  9  10 11  12 13  14 15  16 17  18 19  20 21  22 23  24 25 "
 "   0  3   1  4   2  5   6  9   7 10   8 13  11 12  14 17  15 18  16 21  19 22  20 25  23 24 "
 "   0  5   1  2   3 14   4 15   6 11   7 20   8 17   9 22  10 21  12 23  13 18  16 25  19 24 "
 "   0  7   1 22   2 15   3 12   4 17   5 24   6 19   8 21   9 16  10 25  11 20  13 14  18 23 "
 "   0  9   1 10   2 17   3 24   4 23   5 20   6 15   7 18   8 11  12 21  13 22  14 25  16 19 "
 "   0 11   1 12   2 19   3  6   4 13   5 14   7 16   8 25   9 20  10 23  15 22  17 18  21 24 "
 "   0 13   1 16   2 11   3 18   4 19   5 10   6 25   7  8   9 24  12 15  14 21  17 22  20 23 "
 "   0 15   1 18   2  9   3 20   4 25   5 12   6 17   7 24   8 23  10 13  11 16  14 19  21 22 "



   12: |Aut(M)| =  1,  Cycles:28(6:8:12) 
 "   0  1   2  3   4  5   6  7   8  9  10 11  12 13  14 15  16 17  18 19  20 21  22 23  24 25 "
 "   0  3   1  4   2  5   6  9   7 10   8 13  11 12  14 17  15 18  16 21  19 22  20 25  23 24 "
 "   0  5   1  2   3 14   4 15   6 11   7 20   8 17   9 22  10 21  12 23  13 18  16 25  19 24 "
 "   0  7   1 22   2 17   3 18   4 25   5 12   6 21   8 15   9 24  10 13  11 14  16 19  20 23 "
 "   0  9   1 10   2 19   3 22   4 17   5 20   6 13   7 14   8 25  11 24  12 21  15 16  18 23 "
 "   0 11   1 14   2 25   3  6   4 21   5 18   7  8   9 12  10 23  13 16  15 22  17 24  19 20 "
 "   0 13   1  8   2 15   3 24   4 23   5 10   6 19   7 22   9 16  11 20  12 17  14 25  18 21 "
 "   0 15   1  6   2 21   3 12   4 19   5 24   7 16   8 23   9 14  10 25  11 18  13 20  17 22 "



   13: |Aut(M)| =  1,  Cycles:28(6:8:12) 
 "   0  1   2  3   4  5   6  7   8  9  10 11  12 13  14 15  16 17  18 19  20 21  22 23  24 25 "
 "   0  3   1  4   2  5   6  9   7 10   8 13  11 12  14 17  15 18  16 21  19 22  20 25  23 24 "
 "   0  5   1  2   3 14   4 15   6 11   7 20   8 17   9 22  10 21  12 23  13 18  16 25  19 24 "
 "   0  7   1 24   2 23   3 20   4 25   5 10   6 17   8 15   9 18  11 16  12 19  13 14  21 22 "
 "   0  9   1 10   2 17   3 18   4 11   5 12   6 21   7 22   8 25  13 24  14 19  15 16  20 23 "
 "   0 11   1 12   2 13   3  6   4 19   5 16   7 14   8 23   9 20  10 15  17 18  21 24  22 25 "
 "   0 13   1  8   2  7   3  4   5 24   6 25   9 12  10 19  11 14  15 22  16 23  17 20  18 21 "
 "   0 15   1 20   2 25   3 10   4  7   5 18   6 19   8 11   9 24  12 21  13 16  14 23  17 22 "



   14: |Aut(M)| =  1,  Cycles:28(6:8:12) 
 "   0  1   2  3   4  5   6  7   8  9  10 11  12 13  14 15  16 17  18 19  20 21  22 23  24 25 "
 "   0  3   1  4   2  5   6  9   7 10   8 13  11 12  14 17  15 18  16 21  19 22  20 25  23 24 "
 "   0  5   1  2   3 14   4 15   6 11   7 20   8 17   9 22  10 21  12 23  13 18  16 25  19 24 "
 "   0  7   1 24   2 25   3  6   4 17   5 18   8 23   9 20  10 15  11 22  12 21  13 14  16 19 "
 "   0  9   1 12   2 11   3 24   4 13   5  8   6 21   7 18  10 23  14 25  15 16  17 22  19 20 "
 "   0 11   1 16   2 17   3 10   4  9   5 20   6 23   7 12   8 15  13 22  14 19  18 25  21 24 "
 "   0 13   1 18   2 21   3 22   4 25   5 14   6 15   7 24   8 19   9 10  11 16  12 17  20 23 "
 "   0 15   1  6   2 19   3 16   4 21   5 10   7 22   8 25   9 12  11 18  13 24  14 23  17 20 "

