

    1: |Aut(M)| =  1,  Cycles:28(6:8:12) 
 "   0  1   2  3   4  5   6  7   8  9  10 11  12 13  14 15  16 17  18 19  20 21  22 23  24 25 "
 "   0  3   1  4   2  5   6  9   7 10   8 13  11 12  14 17  15 18  16 21  19 22  20 25  23 24 "
 "   0  5   1  2   3  4   6 11   7 12   8 15   9 20  10 19  13 16  14 25  17 22  18 23  21 24 "
 "   0  7   1  8   2 11   3 20   4 19   5 22   6 15   9 14  10 21  12 23  13 24  16 25  17 18 "
 "   0  9   1 18   2  7   3 24   4 17   5 12   6 23   8 19  10 13  11 20  14 21  15 16  22 25 "
 "   0 11   1  6   2 25   3 22   4  7   5 10   8 23   9 18  12 21  13 14  15 20  16 19  17 24 "
 "   0 13   1 10   2 15   3 18   4 25   5  8   6 19   7 20   9 24  11 16  12 17  14 23  21 22 "
 "   0 15   1 22   2  9   3 10   4 23   5 14   6 13   7 16   8 11  12 25  17 20  18 21  19 24 "



    2: |Aut(M)| =  1,  Cycles:28(6:8:12) 
 "   0  1   2  3   4  5   6  7   8  9  10 11  12 13  14 15  16 17  18 19  20 21  22 23  24 25 "
 "   0  3   1  4   2  5   6  9   7 10   8 13  11 12  14 17  15 18  16 21  19 22  20 25  23 24 "
 "   0  5   1  2   3  4   6 11   7 12   8 15   9 20  10 19  13 16  14 25  17 22  18 23  21 24 "
 "   0  7   1  8   2 25   3  6   4 21   5 18   9 16  10 13  11 22  12 23  14 19  15 20  17 24 "
 "   0  9   1 12   2 23   3 20   4 17   5 10   6 13   7 18   8 25  11 14  15 16  19 24  21 22 "
 "   0 11   1 18   2 13   3 24   4  7   5 22   6 15   8 19   9 10  12 25  14 21  16 23  17 20 "
 "   0 13   1 14   2 21   3 10   4  9   5 12   6 17   7 24   8 23  11 18  15 22  16 25  19 20 "
 "   0 15   1 22   2 19   3 16   4 25   5 20   6 23   7  8   9 12  10 21  11 24  13 14  17 18 "



    3: |Aut(M)| =  1,  Cycles:28(6:8:12) 
 "   0  1   2  3   4  5   6  7   8  9  10 11  12 13  14 15  16 17  18 19  20 21  22 23  24 25 "
 "   0  3   1  4   2  5   6  9   7 10   8 13  11 12  14 17  15 18  16 21  19 22  20 25  23 24 "
 "   0  5   1  2   3  4   6 11   7 12   8 15   9 20  10 19  13 16  14 25  17 22  18 23  21 24 "
 "   0  7   1 12   2 19   3 20   4 23   5 10   6 13   8 17   9 14  11 18  15 24  16 25  21 22 "
 "   0  9   1 18   2 15   3 10   4 11   5 12   6 23   7 16   8 19  13 20  14 21  17 24  22 25 "
 "   0 11   1  8   2 13   3 18   4 17   5 22   6 25   7 20   9 10  12 21  14 23  15 16  19 24 "
 "   0 13   1 22   2 25   3  6   4 21   5 18   7 24   8 11   9 12  10 17  14 19  15 20  16 23 "
 "   0 15   1 10   2 23   3 12   4 25   5  6   7 14   8 21   9 18  11 24  13 22  16 19  17 20 "



    4: |Aut(M)| =  1,  Cycles:28(6:8:12) 
 "   0  1   2  3   4  5   6  7   8  9  10 11  12 13  14 15  16 17  18 19  20 21  22 23  24 25 "
 "   0  3   1  4   2  5   6  9   7 10   8 13  11 12  14 17  15 18  16 21  19 22  20 25  23 24 "
 "   0  5   1  2   3  4   6 11   7 12   8 15   9 20  10 19  13 16  14 25  17 22  18 23  21 24 "
 "   0  7   1 12   2 21   3 18   4 13   5 24   6 23   8 11   9 16  10 17  14 19  15 20  22 25 "
 "   0  9   1 20   2 19   3 12   4 23   5 10   6 17   7 22   8 21  11 14  13 24  15 16  18 25 "
 "   0 11   1 24   2  9   3 14   4 15   5  8   6 13   7 18  10 23  12 19  16 25  17 20  21 22 "
 "   0 13   1  8   2 17   3 10   4 21   5 18   6 15   7 24   9 14  11 22  12 25  16 23  19 20 "
 "   0 15   1 22   2 25   3 16   4 17   5 12   6 21   7  8   9 10  11 20  13 18  14 23  19 24 "



    5: |Aut(M)| =  1,  Cycles:28(6:8:12) 
 "   0  1   2  3   4  5   6  7   8  9  10 11  12 13  14 15  16 17  18 19  20 21  22 23  24 25 "
 "   0  3   1  4   2  5   6  9   7 10   8 13  11 12  14 17  15 18  16 21  19 22  20 25  23 24 "
 "   0  5   1  2   3  4   6 11   7 12   8 15   9 20  10 19  13 16  14 25  17 22  18 23  21 24 "
 "   0  7   1 14   2 19   3 24   4 15   5 20   6 23   8 11   9 12  10 13  16 25  17 18  21 22 "
 "   0  9   1 22   2 15   3 10   4 23   5  6   7 16   8 17  11 14  12 25  13 20  18 21  19 24 "
 "   0 11   1  6   2 25   3 20   4 17   5  8   7 18   9 16  10 23  12 19  13 22  14 21  15 24 "
 "   0 13   1  8   2 11   3 16   4 21   5 24   6 15   7 20   9 22  10 17  12 23  14 19  18 25 "
 "   0 15   1 10   2 21   3  6   4 25   5 12   7  8   9 18  11 22  13 24  14 23  16 19  17 20 "



    6: |Aut(M)| =  1,  Cycles:28(6:8:12) 
 "   0  1   2  3   4  5   6  7   8  9  10 11  12 13  14 15  16 17  18 19  20 21  22 23  24 25 "
 "   0  3   1  4   2  5   6  9   7 10   8 13  11 12  14 17  15 18  16 21  19 22  20 25  23 24 "
 "   0  5   1  2   3  4   6 11   7 12   8 15   9 20  10 19  13 16  14 25  17 22  18 23  21 24 "
 "   0  7   1 14   2 23   3 16   4 19   5 20   6 17   8 25   9 12  10 21  11 18  13 24  15 22 "
 "   0  9   1 24   2 25   3  8   4 17   5 10   6 21   7 22  11 16  12 15  13 18  14 23  19 20 "
 "   0 11   1  8   2 21   3 14   4  7   5 22   6 13   9 10  12 23  15 24  16 19  17 20  18 25 "
 "   0 13   1  6   2  9   3 10   4 23   5 24   7 18   8 17  11 20  12 19  14 21  15 16  22 25 "
 "   0 15   1 20   2 13   3 24   4  9   5 12   6 25   7  8  10 17  11 22  14 19  16 23  18 21 "



    7: |Aut(M)| =  1,  Cycles:28(6:8:12) 
 "   0  1   2  3   4  5   6  7   8  9  10 11  12 13  14 15  16 17  18 19  20 21  22 23  24 25 "
 "   0  3   1  4   2  5   6  9   7 10   8 13  11 12  14 17  15 18  16 21  19 22  20 25  23 24 "
 "   0  5   1  2   3  4   6 11   7 12   8 15   9 20  10 19  13 16  14 25  17 22  18 23  21 24 "
 "   0  7   1 16   2  9   3 14   4 19   5 24   6 13   8 23  10 17  11 20  12 21  15 22  18 25 "
 "   0  9   1 20   2 19   3 12   4 15   5 16   6 17   7 14   8 25  10 23  11 24  13 18  21 22 "
 "   0 11   1 12   2 17   3  6   4  9   5 20   7 22   8 19  10 13  14 23  15 24  16 25  18 21 "
 "   0 13   1 24   2 25   3 16   4  7   5 18   6 19   8 17   9 12  10 15  11 22  14 21  20 23 "
 "   0 15   1  8   2  7   3 24   4 23   5 12   6 25   9 22  10 21  11 16  13 14  17 18  19 20 "



    8: |Aut(M)| =  1,  Cycles:28(6:8:12) 
 "   0  1   2  3   4  5   6  7   8  9  10 11  12 13  14 15  16 17  18 19  20 21  22 23  24 25 "
 "   0  3   1  4   2  5   6  9   7 10   8 13  11 12  14 17  15 18  16 21  19 22  20 25  23 24 "
 "   0  5   1  2   3  4   6 11   7 12   8 15   9 20  10 19  13 16  14 25  17 22  18 23  21 24 "
 "   0  7   1 16   2 11   3 18   4 25   5  8   6 21   9 24  10 15  12 19  13 22  14 23  17 20 "
 "   0  9   1 10   2 21   3 16   4 17   5  6   7 14   8 11  12 23  13 18  15 20  19 24  22 25 "
 "   0 11   1 22   2 15   3 20   4 23   5 10   6 25   7 18   8 17   9 12  13 24  14 21  16 19 "
 "   0 13   1 18   2 17   3 22   4  9   5 24   6 15   7 16   8 25  10 23  11 14  12 21  19 20 "
 "   0 15   1 12   2  9   3 10   4  7   5 22   6 19   8 21  11 20  13 14  16 23  17 24  18 25 "



    9: |Aut(M)| =  1,  Cycles:28(6:8:12) 
 "   0  1   2  3   4  5   6  7   8  9  10 11  12 13  14 15  16 17  18 19  20 21  22 23  24 25 "
 "   0  3   1  4   2  5   6  9   7 10   8 13  11 12  14 17  15 18  16 21  19 22  20 25  23 24 "
 "   0  5   1  2   3  4   6 11   7 12   8 15   9 20  10 19  13 16  14 25  17 22  18 23  21 24 "
 "   0  7   1 16   2 23   3 20   4 19   5 14   6 17   8 11   9 12  10 25  13 24  15 22  18 21 "
 "   0  9   1 10   2 13   3 14   4 17   5 18   6 23   7 24   8 21  11 20  12 19  15 16  22 25 "
 "   0 11   1 24   2 17   3  8   4 25   5 10   6 15   7 22   9 16  12 21  13 18  14 19  20 23 "
 "   0 13   1 18   2 11   3 16   4 23   5  6   7 20   8 19   9 14  10 17  12 25  15 24  21 22 "
 "   0 15   1  6   2 25   3 12   4 13   5 22   7 14   8 23   9 24  10 21  11 16  17 18  19 20 "



   10: |Aut(M)| =  1,  Cycles:28(6:8:12) 
 "   0  1   2  3   4  5   6  7   8  9  10 11  12 13  14 15  16 17  18 19  20 21  22 23  24 25 "
 "   0  3   1  4   2  5   6  9   7 10   8 13  11 12  14 17  15 18  16 21  19 22  20 25  23 24 "
 "   0  5   1  2   3  4   6 11   7 12   8 15   9 20  10 19  13 16  14 25  17 22  18 23  21 24 "
 "   0  7   1 22   2 15   3 24   4 23   5  6   8 17   9 18  10 21  11 14  12 25  13 20  16 19 "
 "   0  9   1 12   2 11   3 18   4 13   5  8   6 19   7 24  10 17  14 23  15 20  16 25  21 22 "
 "   0 11   1 18   2 17   3 20   4  7   5 24   6 25   8 21   9 12  10 15  13 22  14 19  16 23 "
 "   0 13   1 14   2 21   3 22   4 25   5 20   6 17   7 18   8 19   9 16  10 23  11 24  12 15 "
 "   0 15   1 20   2 19   3 14   4 21   5 18   6 13   7 16   8 23   9 24  10 25  11 22  12 17 "



   11: |Aut(M)| =  1,  Cycles:28(6:8:12) 
 "   0  1   2  3   4  5   6  7   8  9  10 11  12 13  14 15  16 17  18 19  20 21  22 23  24 25 "
 "   0  3   1  4   2  5   6  9   7 10   8 13  11 12  14 17  15 18  16 21  19 22  20 25  23 24 "
 "   0  5   1  2   3  4   6 11   7 12   8 15   9 20  10 19  13 16  14 25  17 22  18 23  21 24 "
 "   0  7   1 22   2 21   3 18   4  9   5 24   6 19   8 17  10 13  11 14  12 15  16 25  20 23 "
 "   0  9   1 18   2 13   3 24   4 11   5 16   6 15   7 20   8 21  10 17  12 23  14 19  22 25 "
 "   0 11   1  6   2  9   3 20   4 19   5 10   7 16   8 23  12 25  13 14  15 24  17 18  21 22 "
 "   0 13   1 24   2 23   3  6   4 17   5 14   7 18   8 25   9 12  10 21  11 22  15 16  19 20 "
 "   0 15   1 12   2 19   3 16   4 23   5  6   7 22   8 11   9 14  10 25  13 24  17 20  18 21 "



   12: |Aut(M)| =  1,  Cycles:28(6:8:12) 
 "   0  1   2  3   4  5   6  7   8  9  10 11  12 13  14 15  16 17  18 19  20 21  22 23  24 25 "
 "   0  3   1  4   2  5   6  9   7 10   8 13  11 12  14 17  15 18  16 21  19 22  20 25  23 24 "
 "   0  5   1  2   3  4   6 11   7 12   8 15   9 20  10 19  13 16  14 25  17 22  18 23  21 24 "
 "   0  7   1 24   2  9   3 22   4 21   5 14   6 13   8 17  10 23  11 18  12 25  15 20  16 19 "
 "   0  9   1  6   2 17   3 20   4 11   5 22   7  8  10 15  12 21  13 18  14 23  16 25  19 24 "
 "   0 11   1 12   2 21   3 18   4 15   5 24   6 17   7 22   8 23   9 16  10 25  13 14  19 20 "
 "   0 13   1  8   2 19   3 24   4 17   5 10   6 23   7 16   9 14  11 20  12 15  18 25  21 22 "
 "   0 15   1 18   2 13   3  8   4 25   5 20   6 19   7 14   9 12  10 21  11 22  16 23  17 24 "



   13: |Aut(M)| =  1,  Cycles:28(6:8:12) 
 "   0  1   2  3   4  5   6  7   8  9  10 11  12 13  14 15  16 17  18 19  20 21  22 23  24 25 "
 "   0  3   1  4   2  5   6  9   7 10   8 13  11 12  14 17  15 18  16 21  19 22  20 25  23 24 "
 "   0  5   1  2   3  4   6 11   7 12   8 15   9 20  10 19  13 16  14 25  17 22  18 23  21 24 "
 "   0  7   1 24   2 17   3 22   4 11   5  8   6 23   9 12  10 13  14 19  15 20  16 25  18 21 "
 "   0  9   1 12   2 13   3  8   4 25   5  6   7 14  10 23  11 20  15 16  17 18  19 24  21 22 "
 "   0 11   1  6   2 23   3 16   4 21   5 18   7  8   9 14  10 25  12 17  13 22  15 24  19 20 "
 "   0 13   1 16   2 19   3 12   4 15   5 20   6 17   7 18   8 23   9 24  10 21  11 14  22 25 "
 "   0 15   1 20   2 21   3 14   4 17   5 24   6 13   7 22   8 19   9 10  11 18  12 25  16 23 "



   14: |Aut(M)| =  1,  Cycles:28(6:8:12) 
 "   0  1   2  3   4  5   6  7   8  9  10 11  12 13  14 15  16 17  18 19  20 21  22 23  24 25 "
 "   0  3   1  4   2  5   6  9   7 10   8 13  11 12  14 17  15 18  16 21  19 22  20 25  23 24 "
 "   0  5   1  2   3  4   6 11   7 12   8 15   9 20  10 19  13 16  14 25  17 22  18 23  21 24 "
 "   0  7   1 24   2 19   3 14   4 21   5 18   6 17   8 11   9 12  10 13  15 22  16 25  20 23 "
 "   0  9   1 18   2 15   3 20   4 17   5 22   6 13   7 24   8 25  10 21  11 14  12 19  16 23 "
 "   0 11   1  6   2  9   3 18   4 25   5 20   7 16   8 21  10 17  12 15  13 22  14 23  19 24 "
 "   0 13   1 14   2 21   3 10   4 23   5  8   6 25   7 18   9 22  11 24  12 17  15 16  19 20 "
 "   0 15   1 16   2 25   3 12   4 19   5  6   7 20   8 23   9 10  11 22  13 14  17 24  18 21 "

