

    1: |Aut(M)| =  1,  Cycles:28(6:8:12) 
 "   0  1   2  3   4  5   6  7   8  9  10 11  12 13  14 15  16 17  18 19  20 21  22 23  24 25 "
 "   0  3   1  4   2  5   6  9   7 10   8 13  11 12  14 17  15 18  16 21  19 22  20 25  23 24 "
 "   0  5   1  6   2 11   3 12   4 15   7 20   8 23   9 16  10 13  14 19  17 24  18 21  22 25 "
 "   0  7   1 20   2 25   3 18   4 11   5 12   6 13   8 17   9 14  10 21  15 22  16 23  19 24 "
 "   0  9   1 24   2 13   3 22   4  7   5 20   6 23   8 25  10 19  11 14  12 21  15 16  17 18 "
 "   0 11   1 22   2  9   3  4   5 14   6 17   7 18   8 15  10 25  12 23  13 20  16 19  21 24 "
 "   0 13   1 18   2 21   3 16   4 17   5  8   6 11   7 24   9 22  10 15  12 19  14 25  20 23 "
 "   0 15   1  2   3  6   4 25   5 22   7 16   8 21   9 18  10 23  11 24  12 17  13 14  19 20 "

