

    1: |Aut(M)| =  1,  Cycles:28(6:8:12) 
 "   0  1   2  3   4  5   6  7   8  9  10 11  12 13  14 15  16 17  18 19  20 21  22 23  24 25 "
 "   0  3   1  4   2  5   6  9   7 10   8 13  11 12  14 17  15 18  16 21  19 22  20 25  23 24 "
 "   0  5   1  6   2  7   3 14   4 25   8 21   9 22  10 17  11 18  12 23  13 20  15 24  16 19 "
 "   0  7   1 10   2  9   3 20   4 15   5 12   6 11   8 17  13 22  14 23  16 25  18 21  19 24 "
 "   0  9   1 16   2 15   3  4   5 10   6 21   7 22   8 19  11 24  12 25  13 14  17 18  20 23 "
 "   0 11   1 24   2 19   3 22   4 21   5  8   6 23   7 14   9 16  10 25  12 15  13 18  17 20 "
 "   0 13   1 20   2 21   3 12   4 17   5  6   7 16   8 11   9 24  10 15  14 19  18 23  22 25 "
 "   0 15   1  8   2 13   3  6   4 23   5 16   7 12   9 20  10 19  11 22  14 21  17 24  18 25 "

