

    1: |Aut(M)| =  1,  Cycles:28(6:8:12) 
 "   0  1   2  3   4  5   6  7   8  9  10 11  12 13  14 15  16 17  18 19  20 21  22 23  24 25 "
 "   0  3   1  4   2  5   6  9   7 10   8 13  11 12  14 17  15 18  16 21  19 22  20 25  23 24 "
 "   0  5   1  6   2  7   3 10   4 15   8 17   9 20  11 14  12 23  13 24  16 19  18 21  22 25 "
 "   0  7   1 22   2 25   3 18   4 23   5  6   8 11   9 14  10 15  12 19  13 16  17 20  21 24 "
 "   0  9   1 18   2 21   3 14   4 11   5 24   6 25   7 16   8 19  10 23  12 15  13 20  17 22 "
 "   0 11   1  2   3 20   4  7   5 16   6 17   8 23   9 24  10 21  12 25  13 18  14 19  15 22 "
 "   0 13   1 20   2 11   3 22   4 17   5 14   6 23   7  8   9 18  10 19  12 21  15 24  16 25 "
 "   0 15   1 16   2 17   3 12   4  9   5 22   6 13   7 14   8 21  10 25  11 18  19 24  20 23 "

