

    1: |Aut(M)| =  1,  Cycles:28(6:8:12) 
 "   0  1   2  3   4  5   6  7   8  9  10 11  12 13  14 15  16 17  18 19  20 21  22 23  24 25 "
 "   0  3   1  4   2  5   6  9   7 10   8 13  11 12  14 17  15 18  16 21  19 22  20 25  23 24 "
 "   0  5   1  6   2  7   3 12   4 15   8 25   9 18  10 21  11 22  13 14  16 19  17 24  20 23 "
 "   0  7   1 12   2 17   3 24   4 19   5 22   6 11   8 23   9 14  10 13  15 20  16 25  18 21 "
 "   0  9   1 20   2 15   3  4   5 24   6 21   7  8  10 19  11 16  12 25  13 22  14 23  17 18 "
 "   0 11   1 24   2 25   3 10   4  7   5 14   6 23   8 19   9 12  13 18  15 16  17 20  21 22 "
 "   0 13   1 14   2 11   3 16   4 25   5  6   7 18   8 21   9 24  10 23  12 15  17 22  19 20 "
 "   0 15   1 10   2 19   3 22   4 23   5 18   6 17   7 12   8 11   9 20  13 16  14 25  21 24 "

