

    1: |Aut(M)| =  1,  Cycles:28(6:8:12) 
 "   0  1   2  3   4  5   6  7   8  9  10 11  12 13  14 15  16 17  18 19  20 21  22 23  24 25 "
 "   0  3   1  4   2  5   6  9   7 10   8 13  11 12  14 17  15 18  16 21  19 22  20 25  23 24 "
 "   0  5   1  6   2 11   3 12   4 15   7 14   8 21   9 22  10 25  13 18  16 19  17 24  20 23 "
 "   0  7   1 20   2  9   3 16   4 19   5  8   6 11  10 21  12 15  13 24  14 25  17 22  18 23 "
 "   0  9   1 18   2 13   3 24   4 11   5 20   6 15   7 16   8 19  10 17  12 23  14 21  22 25 "
 "   0 11   1 24   2 19   3  6   4 17   5 18   7 12   8 25   9 10  13 16  14 23  15 20  21 22 "
 "   0 13   1 22   2 21   3 10   4 23   5 14   6 17   7 18   8 15   9 12  11 20  16 25  19 24 "
 "   0 15   1  2   3 14   4  7   5 12   6 21   8 11   9 24  10 19  13 22  16 23  17 20  18 25 "

