

    1: |Aut(M)| =  1,  Cycles:28(6:8:12) 
 "   0  1   2  3   4  5   6  7   8  9  10 11  12 13  14 15  16 17  18 19  20 21  22 23  24 25 "
 "   0  3   1  4   2  5   6  9   7 10   8 13  11 12  14 17  15 18  16 21  19 22  20 25  23 24 "
 "   0  5   1  6   2  7   3 14   4 21   8 19   9 16  10 23  11 24  12 17  13 18  15 20  22 25 "
 "   0  7   1 12   2 25   3 22   4  9   5 14   6 13   8 11  10 19  15 16  17 18  20 23  21 24 "
 "   0  9   1 24   2 23   3 16   4 11   5 12   6 21   7  8  10 15  13 14  17 22  18 25  19 20 "
 "   0 11   1 14   2  9   3 20   4 23   5 18   6 15   7 24   8 21  10 17  12 19  13 22  16 25 "
 "   0 13   1 20   2 19   3 12   4 17   5 10   6 11   7 16   8 15   9 24  14 25  18 23  21 22 "
 "   0 15   1 22   2 17   3  6   4  7   5  8   9 18  10 25  11 20  12 21  13 24  14 23  16 19 "

