

    1: |Aut(M)| =  1,  Cycles:28(6:8:12) 
 "   0  1   2  3   4  5   6  7   8  9  10 11  12 13  14 15  16 17  18 19  20 21  22 23  24 25 "
 "   0  3   1  4   2  5   6  9   7 10   8 13  11 12  14 17  15 18  16 21  19 22  20 25  23 24 "
 "   0  5   1  6   2  7   3 14   4 13   8 23   9 18  10 17  11 24  12 15  16 25  19 20  21 22 "
 "   0  7   1 20   2 25   3 16   4  9   5 14   6 15   8 21  10 13  11 22  12 23  17 18  19 24 "
 "   0  9   1 14   2 21   3 24   4 15   5 22   6 19   7 12   8 17  10 25  11 20  13 18  16 23 "
 "   0 11   1  8   2 15   3  6   4 25   5 10   7 18   9 16  12 21  13 22  14 19  17 24  20 23 "
 "   0 13   1 24   2 19   3  4   5 20   6 23   7 16   8 11   9 12  10 15  14 25  17 22  18 21 "
 "   0 15   1  2   3 12   4 17   5  8   6 25   7 20   9 22  10 23  11 18  13 14  16 19  21 24 "

