

    1: |Aut(M)| =  1,  Cycles:28(6:8:12) 
 "   0  1   2  3   4  5   6  7   8  9  10 11  12 13  14 15  16 17  18 19  20 21  22 23  24 25 "
 "   0  3   1  4   2  5   6  9   7 10   8 13  11 12  14 17  15 18  16 21  19 22  20 25  23 24 "
 "   0  5   1  6   2 11   3 12   4  7   8 15   9 16  10 21  13 24  14 23  17 22  18 25  19 20 "
 "   0  7   1 12   2 15   3 20   4 21   5  8   6 19   9 24  10 17  11 22  13 18  14 25  16 23 "
 "   0  9   1 14   2 13   3 16   4 19   5 12   6 17   7 18   8 25  10 23  11 20  15 24  21 22 "
 "   0 11   1 20   2  9   3 18   4 23   5 16   6 21   7 12   8 19  10 15  13 14  17 24  22 25 "
 "   0 13   1 22   2 17   3 10   4 11   5  6   7 24   8 23   9 12  14 19  15 20  16 25  18 21 "
 "   0 15   1 10   2 23   3 14   4 25   5 20   6 13   7 16   8 11   9 22  12 19  17 18  21 24 "

