

    1: |Aut(M)| =  1,  Cycles:28(6:8:12) 
 "   0  1   2  3   4  5   6  7   8  9  10 11  12 13  14 15  16 17  18 19  20 21  22 23  24 25 "
 "   0  3   1  4   2  5   6  9   7 10   8 13  11 12  14 17  15 18  16 21  19 22  20 25  23 24 "
 "   0  5   1  6   2  7   3 14   4 17   8 21   9 10  11 22  12 25  13 18  15 16  19 24  20 23 "
 "   0  7   1 14   2 25   3 20   4  9   5 24   6 15   8 23  10 13  11 16  12 19  17 18  21 22 "
 "   0  9   1  2   3  8   4 11   5 18   6 25   7 16  10 23  12 15  13 22  14 19  17 20  21 24 "
 "   0 11   1 18   2 15   3 24   4 13   5  8   6 17   7 20   9 22  10 21  12 23  14 25  16 19 "
 "   0 13   1 20   2 21   3  4   5  6   7 12   8 25   9 16  10 19  11 14  15 22  17 24  18 23 "
 "   0 15   1 12   2 19   3 16   4 25   5 10   6 21   7 22   8 17   9 18  11 24  13 20  14 23 "

