

    1: |Aut(M)| =  1,  Cycles:28(6:8:12) 
 "   0  1   2  3   4  5   6  7   8  9  10 11  12 13  14 15  16 17  18 19  20 21  22 23  24 25 "
 "   0  3   1  4   2  5   6  9   7 10   8 13  11 12  14 17  15 18  16 21  19 22  20 25  23 24 "
 "   0  5   1  6   2  7   3 14   4 23   8 21   9 18  10 17  11 24  12 19  13 20  15 22  16 25 "
 "   0  7   1 16   2 17   3  6   4 15   5 18   8 25   9 10  11 14  12 21  13 22  19 24  20 23 "
 "   0  9   1 20   2 23   3 12   4 19   5 16   6 11   7 22   8 15  10 25  13 24  14 21  17 18 "
 "   0 11   1  2   3 18   4  9   5 22   6 25   7 20   8 17  10 19  12 15  13 16  14 23  21 24 "
 "   0 13   1  8   2 15   3  4   5 10   6 23   7 16   9 12  11 20  14 19  17 24  18 21  22 25 "
 "   0 15   1 22   2 19   3 10   4 25   5  8   6 21   7 18   9 24  11 16  12 23  13 14  17 20 "

