

    1: |Aut(M)| =  1,  Cycles:28(6:8:12) 
 "   0  1   2  3   4  5   6  7   8  9  10 11  12 13  14 15  16 17  18 19  20 21  22 23  24 25 "
 "   0  3   1  4   2  5   6  9   7 10   8 13  11 12  14 17  15 18  16 21  19 22  20 25  23 24 "
 "   0  5   1  6   2  7   3 14   4 17   8 19   9 10  11 18  12 23  13 20  15 16  21 24  22 25 "
 "   0  7   1 18   2  9   3 24   4 23   5 20   6 17   8 15  10 13  11 16  12 19  14 25  21 22 "
 "   0  9   1 20   2 21   3 18   4 11   5 12   6 15   7 22   8 25  10 17  13 16  14 23  19 24 "
 "   0 11   1 22   2 13   3 16   4 25   5  6   7  8   9 24  10 15  12 17  14 21  18 23  19 20 "
 "   0 13   1 24   2 19   3  6   4  7   5 18   8 11   9 14  10 21  12 25  15 22  16 23  17 20 "
 "   0 15   1  2   3 10   4 19   5 22   6 13   7 20   8 23   9 16  11 14  12 21  17 24  18 25 "

