

    1: |Aut(M)| =  1,  Cycles:28(6:8:12) 
 "   0  1   2  3   4  5   6  7   8  9  10 11  12 13  14 15  16 17  18 19  20 21  22 23  24 25 "
 "   0  3   1  4   2  5   6  9   7 10   8 13  11 12  14 17  15 18  16 21  19 22  20 25  23 24 "
 "   0  5   1  6   2  7   3 14   4 23   8 11   9 24  10 17  12 19  13 20  15 22  16 25  18 21 "
 "   0  7   1 20   2 11   3 22   4 13   5  8   6 25   9 12  10 19  14 23  15 16  17 18  21 24 "
 "   0  9   1 12   2 19   3 24   4 21   5 14   6 23   7 16   8 17  10 15  11 20  13 22  18 25 "
 "   0 11   1 24   2 21   3 16   4 15   5 12   6 13   7 14   8 19   9 10  17 20  18 23  22 25 "
 "   0 13   1  8   2 25   3 10   4 11   5 22   6 21   7 18   9 14  12 15  16 23  17 24  19 20 "
 "   0 15   1 16   2 23   3  8   4 17   5  6   7 20   9 22  10 13  11 18  12 25  14 21  19 24 "

