

    1: |Aut(M)| =  1,  Cycles:28(6:8:12) 
 "   0  1   2  3   4  5   6  7   8  9  10 11  12 13  14 15  16 17  18 19  20 21  22 23  24 25 "
 "   0  3   1  4   2  5   6  9   7 10   8 13  11 12  14 17  15 18  16 21  19 22  20 25  23 24 "
 "   0  5   1  6   2  7   3 14   4 21   8 23   9 12  10 25  11 16  13 22  15 20  17 18  19 24 "
 "   0  7   1 10   2 17   3 24   4 23   5 18   6 11   8 19   9 20  12 25  13 16  14 21  15 22 "
 "   0  9   1 14   2 21   3  4   5 20   6 23   7 18   8 17  10 19  11 22  12 15  13 24  16 25 "
 "   0 11   1 24   2 13   3 20   4 19   5 10   6 21   7 12   8 25   9 18  14 23  15 16  17 22 "
 "   0 13   1 22   2 25   3 16   4 17   5 14   6 15   7 24   8 21   9 10  11 20  12 19  18 23 "
 "   0 15   1 18   2 11   3  8   4 13   5 16   6 25   7 20   9 22  10 23  12 21  14 19  17 24 "

