

    1: |Aut(M)| =  1,  Cycles:28(6:8:12) 
 "   0  1   2  3   4  5   6  7   8  9  10 11  12 13  14 15  16 17  18 19  20 21  22 23  24 25 "
 "   0  3   1  4   2  5   6  9   7 10   8 13  11 12  14 17  15 18  16 21  19 22  20 25  23 24 "
 "   0  5   1  6   2 11   3  8   4 15   7 14   9 18  10 21  12 19  13 20  16 23  17 24  22 25 "
 "   0  7   1 10   2 19   3  4   5 20   6 13   8 25   9 14  11 16  12 23  15 24  17 22  18 21 "
 "   0  9   1 24   2 23   3 12   4 19   5 16   6 15   7 20   8 21  10 17  11 18  13 22  14 25 "
 "   0 11   1 12   2 21   3 14   4 17   5 22   6 23   7 24   8 15   9 20  10 13  16 19  18 25 "
 "   0 13   1 14   2  7   3 16   4 25   5 18   6 11   8 19   9 24  10 23  12 15  17 20  21 22 "
 "   0 15   1  2   3 20   4 11   5  6   7 22   8 17   9 12  10 25  13 16  14 21  18 23  19 24 "

