

    1: |Aut(M)| =  1,  Cycles:28(6:8:12) 
 "   0  1   2  3   4  5   6  7   8  9  10 11  12 13  14 15  16 17  18 19  20 21  22 23  24 25 "
 "   0  3   1  4   2  5   6  9   7 10   8 13  11 12  14 17  15 18  16 21  19 22  20 25  23 24 "
 "   0  5   1  6   2  7   3 14   4 13   8 19   9 24  10 17  11 20  12 15  16 23  18 25  21 22 "
 "   0  7   1 12   2  9   3 18   4 17   5 24   6 21   8 23  10 15  11 22  13 20  14 19  16 25 "
 "   0  9   1 20   2 21   3 22   4 15   5 12   6 23   7  8  10 19  11 16  13 24  14 25  17 18 "
 "   0 11   1 24   2 25   3 10   4  9   5 14   6 19   7 16   8 15  12 21  13 22  17 20  18 23 "
 "   0 13   1 18   2 23   3 16   4  7   5 20   6 15   8 21   9 10  11 14  12 25  17 22  19 24 "
 "   0 15   1 22   2 19   3  6   4 25   5 10   7 24   8 17   9 12  11 18  13 16  14 21  20 23 "

