

    1: |Aut(M)| =  1,  Cycles:28(6:8:12) 
 "   0  1   2  3   4  5   6  7   8  9  10 11  12 13  14 15  16 17  18 19  20 21  22 23  24 25 "
 "   0  3   1  4   2  5   6  9   7 10   8 13  11 12  14 17  15 18  16 21  19 22  20 25  23 24 "
 "   0  5   1  6   2  7   3 14   4 11   8 19   9 20  10 15  12 25  13 16  17 24  18 23  21 22 "
 "   0  7   1 18   2 23   3 24   4 17   5 20   6 21   8 25   9 22  10 13  11 14  12 15  16 19 "
 "   0  9   1 12   2 17   3  4   5 10   6 23   7 14   8 15  11 16  13 22  18 25  19 20  21 24 "
 "   0 11   1 24   2 19   3  6   4 13   5 16   7 20   8 23   9 10  12 17  14 25  15 22  18 21 "
 "   0 13   1 14   2  9   3 20   4 23   5 12   6 11   7 18   8 21  10 25  15 16  17 22  19 24 "
 "   0 15   1 10   2 25   3 12   4 19   5  6   7 22   8 17   9 18  11 20  13 24  14 21  16 23 "

