

    1: |Aut(M)| =  1,  Cycles:28(6:8:12) 
 "   0  1   2  3   4  5   6  7   8  9  10 11  12 13  14 15  16 17  18 19  20 21  22 23  24 25 "
 "   0  3   1  4   2  5   6  9   7 10   8 13  11 12  14 17  15 18  16 21  19 22  20 25  23 24 "
 "   0  5   1  6   2  7   3 14   4 17   8 25   9 10  11 18  12 21  13 22  15 16  19 24  20 23 "
 "   0  7   1  2   3 18   4 21   5 16   6 15   8 19   9 14  10 25  11 22  12 23  13 24  17 20 "
 "   0  9   1 24   2 17   3 22   4 11   5 20   6 23   7 18   8 15  10 21  12 19  13 16  14 25 "
 "   0 11   1 14   2 13   3 24   4 15   5 10   6 17   7  8   9 18  12 25  16 23  19 20  21 22 "
 "   0 13   1  8   2 21   3  4   5  6   7 20   9 12  10 15  11 16  14 19  17 24  18 23  22 25 "
 "   0 15   1 18   2 25   3 10   4  7   5 22   6 19   8 21   9 16  11 24  12 17  13 20  14 23 "

