

    1: |Aut(M)| =  1,  Cycles:28(6:8:12) 
 "   0  1   2  3   4  5   6  7   8  9  10 11  12 13  14 15  16 17  18 19  20 21  22 23  24 25 "
 "   0  3   1  4   2  5   6  9   7 10   8 13  11 12  14 17  15 18  16 21  19 22  20 25  23 24 "
 "   0  5   1  6   2  7   3 14   4 13   8 25   9 20  10 23  11 16  12 15  17 22  18 21  19 24 "
 "   0  7   1 14   2 11   3 16   4 19   5  8   6 25   9 18  10 21  12 17  13 22  15 24  20 23 "
 "   0  9   1 18   2 15   3 10   4 23   5 24   6 19   7  8  11 14  12 25  13 16  17 20  21 22 "
 "   0 11   1 20   2 21   3 24   4  7   5 22   6 23   8 17   9 12  10 15  13 18  14 25  16 19 "
 "   0 13   1 10   2 17   3 12   4 11   5 16   6 21   7 24   8 23   9 14  15 22  18 25  19 20 "
 "   0 15   1 12   2 19   3 22   4 25   5  6   7 16   8 11   9 24  10 17  13 20  14 21  18 23 "

