

    1: |Aut(M)| =  1,  Cycles:28(6:8:12) 
 "   0  1   2  3   4  5   6  7   8  9  10 11  12 13  14 15  16 17  18 19  20 21  22 23  24 25 "
 "   0  3   1  4   2  5   6  9   7 10   8 13  11 12  14 17  15 18  16 21  19 22  20 25  23 24 "
 "   0  5   1  2   3 14   4 15   6 13   7 16   8 19   9 20  10 23  11 18  12 17  21 24  22 25 "
 "   0  7   1  8   2 21   3  6   4 17   5 18   9 14  10 13  11 22  12 23  15 20  16 25  19 24 "
 "   0  9   1 10   2 17   3 22   4 23   5 16   6 21   7 24   8 25  11 20  12 15  13 18  14 19 "
 "   0 11   1 16   2 19   3 20   4  7   5 14   6 25   8 15   9 12  10 17  13 24  18 23  21 22 "
 "   0 13   1 24   2  9   3  4   5 22   6 19   7 14   8 11  10 21  12 25  15 16  17 18  20 23 "
 "   0 15   1 18   2 23   3  8   4 13   5  6   7 12   9 24  10 25  11 16  14 21  17 22  19 20 "



    2: |Aut(M)| =  1,  Cycles:28(6:8:12) 
 "   0  1   2  3   4  5   6  7   8  9  10 11  12 13  14 15  16 17  18 19  20 21  22 23  24 25 "
 "   0  3   1  4   2  5   6  9   7 10   8 13  11 12  14 17  15 18  16 21  19 22  20 25  23 24 "
 "   0  5   1  2   3 14   4 15   6 13   7 16   8 19   9 20  10 23  11 18  12 17  21 24  22 25 "
 "   0  7   1 10   2 13   3 16   4 21   5 14   6 11   8 15   9 24  12 23  17 22  18 25  19 20 "
 "   0  9   1 18   2 17   3  8   4 13   5 24   6 25   7 12  10 19  11 16  14 23  15 20  21 22 "
 "   0 11   1 12   2 21   3  4   5 20   6 19   7 14   8 25   9 10  13 16  15 22  17 24  18 23 "
 "   0 13   1  8   2 15   3 24   4  7   5 22   6 17   9 12  10 25  11 14  16 19  18 21  20 23 "
 "   0 15   1 20   2  7   3 10   4 11   5  8   6 23   9 22  12 21  13 14  16 25  17 18  19 24 "



    3: |Aut(M)| =  1,  Cycles:28(6:8:12) 
 "   0  1   2  3   4  5   6  7   8  9  10 11  12 13  14 15  16 17  18 19  20 21  22 23  24 25 "
 "   0  3   1  4   2  5   6  9   7 10   8 13  11 12  14 17  15 18  16 21  19 22  20 25  23 24 "
 "   0  5   1  2   3 14   4 15   6 13   7 16   8 19   9 20  10 23  11 18  12 17  21 24  22 25 "
 "   0  7   1 10   2 25   3  4   5  6   8 15   9 22  11 24  12 19  13 16  14 21  17 18  20 23 "
 "   0  9   1 12   2 19   3 22   4 17   5  8   6 23   7 18  10 21  11 14  13 24  15 20  16 25 "
 "   0 11   1 14   2 13   3 24   4 23   5 20   6 19   7 12   8 25   9 18  10 17  15 16  21 22 "
 "   0 13   1 18   2 23   3 16   4  9   5 22   6 11   7 24   8 21  10 25  12 15  14 19  17 20 "
 "   0 15   1 24   2 17   3  8   4 11   5 18   6 21   7 22   9 10  12 23  13 20  14 25  16 19 "



    4: |Aut(M)| =  1,  Cycles:28(6:8:12) 
 "   0  1   2  3   4  5   6  7   8  9  10 11  12 13  14 15  16 17  18 19  20 21  22 23  24 25 "
 "   0  3   1  4   2  5   6  9   7 10   8 13  11 12  14 17  15 18  16 21  19 22  20 25  23 24 "
 "   0  5   1  2   3 14   4 15   6 13   7 16   8 19   9 20  10 23  11 18  12 17  21 24  22 25 "
 "   0  7   1 12   2 19   3 22   4 17   5  8   6 21   9 24  10 25  11 14  13 20  15 16  18 23 "
 "   0  9   1 20   2 25   3 12   4 19   5 22   6 11   7 18   8 21  10 17  13 14  15 24  16 23 "
 "   0 11   1 14   2  7   3 24   4  9   5 16   6 17   8 25  10 15  12 19  13 22  18 21  20 23 "
 "   0 13   1  6   2 11   3 20   4 25   5 14   7 22   8 15   9 18  10 21  12 23  16 19  17 24 "
 "   0 15   1 18   2 17   3 10   4 13   5  6   7 24   8 23   9 14  11 16  12 25  19 20  21 22 "



    5: |Aut(M)| =  1,  Cycles:28(6:8:12) 
 "   0  1   2  3   4  5   6  7   8  9  10 11  12 13  14 15  16 17  18 19  20 21  22 23  24 25 "
 "   0  3   1  4   2  5   6  9   7 10   8 13  11 12  14 17  15 18  16 21  19 22  20 25  23 24 "
 "   0  5   1  2   3 14   4 15   6 13   7 16   8 19   9 20  10 23  11 18  12 17  21 24  22 25 "
 "   0  7   1 16   2 23   3  8   4 25   5 10   6 17   9 12  11 14  13 18  15 24  19 20  21 22 "
 "   0  9   1 14   2 13   3 20   4 21   5 18   6 11   7 22   8 15  10 17  12 25  16 23  19 24 "
 "   0 11   1 18   2 21   3  6   4 17   5 24   7 20   8 25   9 22  10 13  12 19  14 23  15 16 "
 "   0 13   1  6   2 17   3 12   4 23   5  8   7 24   9 10  11 22  14 19  15 20  16 25  18 21 "
 "   0 15   1 20   2 19   3 22   4  9   5 12   6 25   7 14   8 17  10 21  11 24  13 16  18 23 "



    6: |Aut(M)| =  1,  Cycles:28(6:8:12) 
 "   0  1   2  3   4  5   6  7   8  9  10 11  12 13  14 15  16 17  18 19  20 21  22 23  24 25 "
 "   0  3   1  4   2  5   6  9   7 10   8 13  11 12  14 17  15 18  16 21  19 22  20 25  23 24 "
 "   0  5   1  2   3 14   4 15   6 13   7 16   8 19   9 20  10 23  11 18  12 17  21 24  22 25 "
 "   0  7   1 18   2 21   3  6   4 19   5 20   8 25   9 10  11 24  12 15  13 16  14 23  17 22 "
 "   0  9   1 16   2 13   3 20   4 11   5 14   6 25   7 22   8 23  10 15  12 19  17 24  18 21 "
 "   0 11   1 22   2 17   3  8   4  7   5 24   6 15   9 16  10 19  12 25  13 20  14 21  18 23 "
 "   0 13   1 24   2 23   3 12   4 17   5 10   6 19   7 20   8 21   9 18  11 16  14 25  15 22 "
 "   0 15   1 12   2  9   3 10   4 21   5  8   6 17   7 18  11 22  13 14  16 25  19 24  20 23 "



    7: |Aut(M)| =  1,  Cycles:28(6:8:12) 
 "   0  1   2  3   4  5   6  7   8  9  10 11  12 13  14 15  16 17  18 19  20 21  22 23  24 25 "
 "   0  3   1  4   2  5   6  9   7 10   8 13  11 12  14 17  15 18  16 21  19 22  20 25  23 24 "
 "   0  5   1  2   3 14   4 15   6 13   7 16   8 19   9 20  10 23  11 18  12 17  21 24  22 25 "
 "   0  7   1 20   2 17   3  4   5 10   6 21   8 15   9 12  11 16  13 22  14 25  18 23  19 24 "
 "   0  9   1  6   2 15   3 24   4  7   5  8  10 17  11 22  12 21  13 18  14 23  16 25  19 20 "
 "   0 11   1 14   2  9   3 16   4 13   5 24   6 19   7 22   8 17  10 25  12 15  18 21  20 23 "
 "   0 13   1 18   2  7   3 22   4 23   5 14   6 25   8 11   9 16  10 21  12 19  15 24  17 20 "
 "   0 15   1 12   2 11   3  8   4 19   5 16   6 23   7 24   9 10  13 20  14 21  17 22  18 25 "



    8: |Aut(M)| =  1,  Cycles:28(6:8:12) 
 "   0  1   2  3   4  5   6  7   8  9  10 11  12 13  14 15  16 17  18 19  20 21  22 23  24 25 "
 "   0  3   1  4   2  5   6  9   7 10   8 13  11 12  14 17  15 18  16 21  19 22  20 25  23 24 "
 "   0  5   1  2   3 14   4 15   6 13   7 16   8 19   9 20  10 23  11 18  12 17  21 24  22 25 "
 "   0  7   1 20   2 21   3  4   5 10   6 11   8 17   9 24  12 15  13 22  14 19  16 25  18 23 "
 "   0  9   1  6   2 23   3 12   4 11   5 18   7  8  10 21  13 24  14 25  15 16  17 22  19 20 "
 "   0 11   1  8   2 15   3 20   4 17   5  6   7 18   9 10  12 25  13 16  14 23  19 24  21 22 "
 "   0 13   1 10   2 25   3  6   4 23   5 14   7 12   8 21   9 18  11 24  15 22  16 19  17 20 "
 "   0 15   1 16   2  9   3 10   4 25   5 12   6 19   7 20   8 23  11 22  13 14  17 24  18 21 "



    9: |Aut(M)| =  1,  Cycles:28(6:8:12) 
 "   0  1   2  3   4  5   6  7   8  9  10 11  12 13  14 15  16 17  18 19  20 21  22 23  24 25 "
 "   0  3   1  4   2  5   6  9   7 10   8 13  11 12  14 17  15 18  16 21  19 22  20 25  23 24 "
 "   0  5   1  2   3 14   4 15   6 13   7 16   8 19   9 20  10 23  11 18  12 17  21 24  22 25 "
 "   0  7   1 20   2 21   3  6   4 23   5 10   8 11   9 18  12 19  13 22  14 25  15 16  17 24 "
 "   0  9   1 24   2 23   3 18   4 13   5 22   6 11   7 20   8 17  10 21  12 15  14 19  16 25 "
 "   0 11   1 22   2 19   3 10   4 21   5 14   6 17   7 24   8 25   9 16  12 23  13 18  15 20 "
 "   0 13   1 14   2 17   3 22   4 19   5  8   6 15   7 12   9 24  10 25  11 20  16 23  18 21 "
 "   0 15   1  8   2  9   3 24   4 11   5 18   6 25   7 14  10 19  12 21  13 16  17 22  20 23 "



   10: |Aut(M)| =  1,  Cycles:28(6:8:12) 
 "   0  1   2  3   4  5   6  7   8  9  10 11  12 13  14 15  16 17  18 19  20 21  22 23  24 25 "
 "   0  3   1  4   2  5   6  9   7 10   8 13  11 12  14 17  15 18  16 21  19 22  20 25  23 24 "
 "   0  5   1  2   3 14   4 15   6 13   7 16   8 19   9 20  10 23  11 18  12 17  21 24  22 25 "
 "   0  7   1 22   2 21   3  4   5 20   6 15   8 11   9 16  10 19  12 23  13 24  14 25  17 18 "
 "   0  9   1 10   2 19   3 12   4 25   5 16   6 17   7 24   8 23  11 14  13 18  15 20  21 22 "
 "   0 11   1  8   2 15   3  6   4 19   5 12   7 14   9 24  10 21  13 22  16 25  17 20  18 23 "
 "   0 13   1 18   2 23   3 20   4 17   5 22   6 19   7 12   8 25   9 10  11 24  14 21  15 16 "
 "   0 15   1 24   2 17   3 22   4 13   5  6   7 18   8 21   9 14  10 25  11 20  12 19  16 23 "



   11: |Aut(M)| =  1,  Cycles:28(6:8:12) 
 "   0  1   2  3   4  5   6  7   8  9  10 11  12 13  14 15  16 17  18 19  20 21  22 23  24 25 "
 "   0  3   1  4   2  5   6  9   7 10   8 13  11 12  14 17  15 18  16 21  19 22  20 25  23 24 "
 "   0  5   1  2   3 14   4 15   6 13   7 16   8 19   9 20  10 23  11 18  12 17  21 24  22 25 "
 "   0  7   1 22   2 23   3 18   4  9   5 14   6 21   8 15  10 13  11 16  12 25  17 24  19 20 "
 "   0  9   1 24   2 11   3 20   4 25   5 16   6 17   7  8  10 19  12 15  13 22  14 23  18 21 "
 "   0 11   1 16   2 17   3 24   4 13   5 20   6 19   7 22   8 23   9 18  10 15  12 21  14 25 "
 "   0 13   1 20   2 15   3  6   4 17   5 24   7 14   8 21   9 12  10 25  11 22  16 19  18 23 "
 "   0 15   1 18   2 19   3 10   4 21   5  6   7 20   8 11   9 14  12 23  13 24  16 25  17 22 "



   12: |Aut(M)| =  1,  Cycles:28(6:8:12) 
 "   0  1   2  3   4  5   6  7   8  9  10 11  12 13  14 15  16 17  18 19  20 21  22 23  24 25 "
 "   0  3   1  4   2  5   6  9   7 10   8 13  11 12  14 17  15 18  16 21  19 22  20 25  23 24 "
 "   0  5   1  2   3 14   4 15   6 13   7 16   8 19   9 20  10 23  11 18  12 17  21 24  22 25 "
 "   0  7   1 24   2  9   3 18   4 17   5 22   6 25   8 11  10 15  12 23  13 16  14 21  19 20 "
 "   0  9   1 12   2 21   3 24   4 13   5 18   6 23   7 14   8 17  10 25  11 20  15 22  16 19 "
 "   0 11   1 14   2 19   3 22   4  9   5 12   6 15   7 24   8 21  10 17  13 20  16 25  18 23 "
 "   0 13   1  6   2 17   3 20   4 25   5 10   7 12   8 15   9 18  11 14  16 23  19 24  21 22 "
 "   0 15   1 18   2 23   3  4   5  8   6 17   7 20   9 24  10 21  11 16  12 25  13 22  14 19 "



   13: |Aut(M)| =  1,  Cycles:28(6:8:12) 
 "   0  1   2  3   4  5   6  7   8  9  10 11  12 13  14 15  16 17  18 19  20 21  22 23  24 25 "
 "   0  3   1  4   2  5   6  9   7 10   8 13  11 12  14 17  15 18  16 21  19 22  20 25  23 24 "
 "   0  5   1  2   3 14   4 15   6 13   7 16   8 19   9 20  10 23  11 18  12 17  21 24  22 25 "
 "   0  7   1 24   2 15   3  8   4 17   5 20   6 25   9 18  10 19  11 22  12 21  13 16  14 23 "
 "   0  9   1 22   2 19   3 20   4 25   5  6   7 12   8 15  10 17  11 14  13 24  16 23  18 21 "
 "   0 11   1 18   2 23   3  6   4 19   5 10   7 24   8 17   9 22  12 15  13 20  14 21  16 25 "
 "   0 13   1  8   2  7   3  4   5 14   6 15   9 10  11 16  12 25  17 24  18 23  19 20  21 22 "
 "   0 15   1  6   2 25   3 10   4 11   5 24   7 14   8 21   9 16  12 19  13 22  17 18  20 23 "



   14: |Aut(M)| =  1,  Cycles:28(6:8:12) 
 "   0  1   2  3   4  5   6  7   8  9  10 11  12 13  14 15  16 17  18 19  20 21  22 23  24 25 "
 "   0  3   1  4   2  5   6  9   7 10   8 13  11 12  14 17  15 18  16 21  19 22  20 25  23 24 "
 "   0  5   1  2   3 14   4 15   6 13   7 16   8 19   9 20  10 23  11 18  12 17  21 24  22 25 "
 "   0  7   1 24   2 17   3  8   4  9   5 22   6 19  10 13  11 20  12 21  14 23  15 16  18 25 "
 "   0  9   1 16   2 23   3 10   4 25   5 12   6 15   7 18   8 17  11 24  13 22  14 21  19 20 "
 "   0 11   1  8   2 21   3  6   4 17   5 14   7 12   9 10  13 20  15 22  16 25  18 23  19 24 "
 "   0 13   1  6   2  7   3 18   4 23   5 16   8 11   9 24  10 25  12 15  14 19  17 20  21 22 "
 "   0 15   1 18   2 25   3 20   4  7   5 10   6 11   8 21   9 22  12 19  13 14  16 23  17 24 "

