

    1: |Aut(M)| =  1,  Cycles:28(6:8:12) 
 "   0  1   2  3   4  5   6  7   8  9  10 11  12 13  14 15  16 17  18 19  20 21  22 23  24 25 "
 "   0  3   1  4   2  5   6  9   7 10   8 13  11 12  14 17  15 18  16 21  19 22  20 25  23 24 "
 "   0  5   1  6   2  7   3 14   4 21   8 25   9 22  10 23  11 24  12 17  13 18  15 20  16 19 "
 "   0  7   1 14   2 19   3 22   4 25   5 12   6 13   8 23   9 18  10 21  11 16  15 24  17 20 "
 "   0  9   1 22   2 11   3  4   5 10   6 19   7 12   8 21  13 24  14 25  15 16  17 18  20 23 "
 "   0 11   1  8   2 23   3 16   4 19   5  6   7 20   9 24  10 15  12 25  13 14  17 22  18 21 "
 "   0 13   1 10   2 21   3 18   4  9   5 14   6 15   7  8  11 20  12 19  16 23  17 24  22 25 "
 "   0 15   1 20   2 17   3 24   4 11   5  8   6 25   7 16   9 12  10 19  13 22  14 21  18 23 "

