

    1: |Aut(M)| =  1,  Cycles:28(6:8:12) 
 "   0  1   2  3   4  5   6  7   8  9  10 11  12 13  14 15  16 17  18 19  20 21  22 23  24 25 "
 "   0  3   1  4   2  5   6  9   7 10   8 13  11 12  14 17  15 18  16 21  19 22  20 25  23 24 "
 "   0  5   1  6   2  7   3 14   4 21   8 23   9 24  10 17  11 18  12 25  13 22  15 20  16 19 "
 "   0  7   1 10   2  9   3 22   4 19   5 12   6 11   8 21  13 24  14 25  15 16  17 18  20 23 "
 "   0  9   1 14   2 13   3 24   4 25   5  6   7 16   8 15  10 19  11 20  12 17  18 23  21 22 "
 "   0 11   1 20   2 23   3  4   5 16   6 13   7 24   8 17   9 14  10 21  12 19  15 22  18 25 "
 "   0 13   1  8   2 17   3 20   4 23   5 18   6 21   7 14   9 12  10 15  11 16  19 24  22 25 "
 "   0 15   1 12   2 25   3 16   4 17   5 24   6 19   7 22   8 11   9 20  10 23  13 14  18 21 "

