

    1: |Aut(M)| =  1,  Cycles:28(6:8:12) 
 "   0  1   2  3   4  5   6  7   8  9  10 11  12 13  14 15  16 17  18 19  20 21  22 23  24 25 "
 "   0  3   1  4   2  5   6  9   7 10   8 13  11 12  14 17  15 18  16 21  19 22  20 25  23 24 "
 "   0  5   1  6   2 11   3 12   4  7   8 15   9 22  10 25  13 16  14 19  17 20  18 23  21 24 "
 "   0  7   1 24   2 15   3 22   4 11   5 16   6 19   8 25   9 20  10 13  12 17  14 23  18 21 "
 "   0  9   1 10   2 13   3 18   4 25   5 20   6 21   7 24   8 23  11 14  12 19  15 16  17 22 "
 "   0 11   1 14   2  9   3 24   4 21   5 18   6 15   7 12   8 17  10 23  13 22  16 25  19 20 "
 "   0 13   1 18   2 19   3 20   4 23   5 10   6 17   7  8   9 16  11 24  12 15  14 21  22 25 "
 "   0 15   1  2   3 14   4 13   5  6   7 20   8 21   9 24  10 19  11 22  12 25  16 23  17 18 "

