

    1: |Aut(M)| =  1,  Cycles:28(6:8:12) 
 "   0  1   2  3   4  5   6  7   8  9  10 11  12 13  14 15  16 17  18 19  20 21  22 23  24 25 "
 "   0  3   1  4   2  5   6  9   7 10   8 13  11 12  14 17  15 18  16 21  19 22  20 25  23 24 "
 "   0  5   1  2   3 14   4 19   6 13   7 22   8 15   9 18  10 17  11 24  12 21  16 25  20 23 "
 "   0  7   1 10   2 13   3  4   5 12   6 17   8 21   9 24  11 16  14 25  15 22  18 23  19 20 "
 "   0  9   1 16   2  7   3 24   4 11   5 14   6 23   8 17  10 13  12 19  15 20  18 21  22 25 "
 "   0 11   1  8   2 25   3  6   4 15   5 22   7 20   9 14  10 23  12 17  13 18  16 19  21 24 "
 "   0 13   1 14   2 21   3 16   4 23   5  8   6 15   7 12   9 22  10 19  11 20  17 24  18 25 "
 "   0 15   1 22   2 11   3  8   4 17   5 18   6 21   7 24   9 10  12 25  13 20  14 19  16 23 "

