

    1: |Aut(M)| =  1,  Cycles:28(6:8:12) 
 "   0  1   2  3   4  5   6  7   8  9  10 11  12 13  14 15  16 17  18 19  20 21  22 23  24 25 "
 "   0  3   1  4   2  5   6  9   7 10   8 13  11 12  14 17  15 18  16 21  19 22  20 25  23 24 "
 "   0  5   1  6   2  7   3 14   4 13   8 25   9 18  10 17  11 20  12 15  16 23  19 24  21 22 "
 "   0  7   1 22   2 23   3  4   5 16   6 17   8 11   9 12  10 19  13 18  14 25  15 20  21 24 "
 "   0  9   1 24   2 11   3  8   4 15   5 20   6 13   7 18  10 23  12 17  14 21  16 19  22 25 "
 "   0 11   1  8   2 21   3 16   4 25   5 12   6 19   7 20   9 14  10 15  13 24  17 22  18 23 "
 "   0 13   1  2   3 22   4 17   5 10   6 15   7 24   8 19   9 20  11 14  12 23  16 25  18 21 "
 "   0 15   1 18   2  9   3 12   4 11   5 22   6 25   7  8  10 21  13 16  14 19  17 24  20 23 "

