

    1: |Aut(M)| =  1,  Cycles:28(6:8:12) 
 "   0  1   2  3   4  5   6  7   8  9  10 11  12 13  14 15  16 17  18 19  20 21  22 23  24 25 "
 "   0  3   1  4   2  5   6  9   7 10   8 13  11 12  14 17  15 18  16 21  19 22  20 25  23 24 "
 "   0  5   1  6   2  7   3 14   4 23   8 11   9 18  10 17  12 25  13 20  15 22  16 19  21 24 "
 "   0  7   1 24   2 19   3  8   4 11   5 12   6 15   9 20  10 13  14 23  16 25  17 22  18 21 "
 "   0  9   1 20   2 23   3 12   4 21   5 14   6 11   7 24   8 17  10 19  13 22  15 16  18 25 "
 "   0 11   1  2   3 24   4 13   5 16   6 21   7 14   8 19   9 22  10 25  12 23  15 20  17 18 "
 "   0 13   1 18   2 11   3 16   4 17   5 10   6 25   7 22   8 15   9 24  12 19  14 21  20 23 "
 "   0 15   1 10   2  9   3 22   4 25   5  8   6 19   7 20  11 14  12 21  13 18  16 23  17 24 "

