

    1: |Aut(M)| =  1,  Cycles:28(6:8:12) 
 "   0  1   2  3   4  5   6  7   8  9  10 11  12 13  14 15  16 17  18 19  20 21  22 23  24 25 "
 "   0  3   1  4   2  5   6  9   7 10   8 13  11 12  14 17  15 18  16 21  19 22  20 25  23 24 "
 "   0  5   1  6   2  7   3 14   4 25   8 19   9 12  10 23  11 20  13 16  15 24  17 18  21 22 "
 "   0  7   1 18   2 11   3  8   4  9   5 14   6 25  10 21  12 17  13 22  15 20  16 23  19 24 "
 "   0  9   1 12   2 23   3 24   4 15   5  6   7 20   8 17  10 13  11 18  14 21  16 19  22 25 "
 "   0 11   1 14   2 15   3 10   4 21   5 22   6 19   7 12   8 23   9 24  13 18  16 25  17 20 "
 "   0 13   1  2   3 18   4  7   5 20   6 17   8 15   9 22  10 25  11 16  12 19  14 23  21 24 "
 "   0 15   1 24   2 19   3 16   4 11   5  8   6 21   7 22   9 18  10 17  12 23  13 20  14 25 "

