

    1: |Aut(M)| =  1,  Cycles:28(6:8:12) 
 "   0  1   2  3   4  5   6  7   8  9  10 11  12 13  14 15  16 17  18 19  20 21  22 23  24 25 "
 "   0  3   1  4   2  5   6  9   7 10   8 13  11 12  14 17  15 18  16 21  19 22  20 25  23 24 "
 "   0  5   1  6   2  7   3 14   4 13   8 21   9 22  10 17  11 24  12 15  16 25  18 23  19 20 "
 "   0  7   1 24   2  9   3 20   4 17   5 18   6 15   8 11  10 23  12 21  13 22  14 25  16 19 "
 "   0  9   1  2   3 12   4 15   5 20   6 11   7 24   8 23  10 19  13 16  14 21  17 22  18 25 "
 "   0 11   1 20   2 23   3 18   4  9   5 22   6 13   7 14   8 25  10 21  12 17  15 16  19 24 "
 "   0 13   1 18   2 17   3  6   4  7   5 16   8 15   9 10  11 20  12 19  14 23  21 24  22 25 "
 "   0 15   1 16   2 25   3 10   4 19   5  8   6 23   7 20   9 12  11 14  13 18  17 24  21 22 "

