

    1: |Aut(M)| =  1,  Cycles:28(6:8:12) 
 "   0  1   2  3   4  5   6  7   8  9  10 11  12 13  14 15  16 17  18 19  20 21  22 23  24 25 "
 "   0  3   1  4   2  5   6  9   7 10   8 13  11 12  14 17  15 18  16 21  19 22  20 25  23 24 "
 "   0  5   1  6   2 11   3  8   4 15   7 20   9 18  10 19  12 17  13 24  14 23  16 25  21 22 "
 "   0  7   1 10   2 21   3 14   4 17   5 22   6 11   8 15   9 24  12 23  13 16  18 25  19 20 "
 "   0  9   1 16   2 25   3 18   4 23   5 10   6 15   7 12   8 19  11 22  13 20  14 21  17 24 "
 "   0 11   1 14   2 15   3 24   4 13   5 16   6 19   7 22   8 25   9 10  12 21  17 20  18 23 "
 "   0 13   1  2   3 12   4  9   5 20   6 17   7 14   8 11  10 25  15 22  16 23  18 21  19 24 "
 "   0 15   1 24   2 23   3 20   4  7   5  8   6 21   9 22  10 17  11 18  12 25  13 14  16 19 "

