

    1: |Aut(M)| =  1,  Cycles:28(6:8:12) 
 "   0  1   2  3   4  5   6  7   8  9  10 11  12 13  14 15  16 17  18 19  20 21  22 23  24 25 "
 "   0  3   1  4   2  5   6  9   7 10   8 13  11 12  14 17  15 18  16 21  19 22  20 25  23 24 "
 "   0  5   1  2   3 14   4 19   6 13   7 16   8 15   9 18  10 23  11 24  12 21  17 20  22 25 "
 "   0  7   1  8   2 21   3 22   4 11   5 20   6 25   9 24  10 19  12 17  13 14  15 16  18 23 "
 "   0  9   1 18   2 15   3 20   4 17   5  8   6 21   7 14  10 13  11 22  12 23  16 25  19 24 "
 "   0 11   1 24   2 23   3 18   4 13   5 16   6 15   7 22   8 17   9 12  10 25  14 21  19 20 "
 "   0 13   1 16   2 17   3  4   5 18   6 11   7 20   8 25   9 22  10 21  12 19  14 23  15 24 "
 "   0 15   1 12   2 11   3 16   4 25   5 22   6 23   7 24   8 19   9 14  10 17  13 20  18 21 "



    2: |Aut(M)| =  1,  Cycles:28(6:8:12) 
 "   0  1   2  3   4  5   6  7   8  9  10 11  12 13  14 15  16 17  18 19  20 21  22 23  24 25 "
 "   0  3   1  4   2  5   6  9   7 10   8 13  11 12  14 17  15 18  16 21  19 22  20 25  23 24 "
 "   0  5   1  2   3 14   4 19   6 13   7 16   8 15   9 18  10 23  11 24  12 21  17 20  22 25 "
 "   0  7   1  8   2 25   3  4   5  6   9 24  10 13  11 16  12 17  14 21  15 22  18 23  19 20 "
 "   0  9   1 16   2 17   3  8   4 11   5 24   6 19   7 20  10 21  12 15  13 22  14 23  18 25 "
 "   0 11   1 24   2 19   3  6   4 21   5 18   7 22   8 17   9 12  10 15  13 16  14 25  20 23 "
 "   0 13   1 10   2 15   3 18   4  9   5 20   6 17   7 14   8 21  11 22  12 23  16 25  19 24 "
 "   0 15   1 12   2 11   3 16   4 25   5 22   6 23   7 24   8 19   9 14  10 17  13 20  18 21 "



    3: |Aut(M)| =  1,  Cycles:28(6:8:12) 
 "   0  1   2  3   4  5   6  7   8  9  10 11  12 13  14 15  16 17  18 19  20 21  22 23  24 25 "
 "   0  3   1  4   2  5   6  9   7 10   8 13  11 12  14 17  15 18  16 21  19 22  20 25  23 24 "
 "   0  5   1  2   3 14   4 19   6 13   7 16   8 15   9 18  10 23  11 24  12 21  17 20  22 25 "
 "   0  7   1  8   2 25   3 16   4 15   5 18   6 19   9 14  10 21  11 22  12 17  13 24  20 23 "
 "   0  9   1  6   2 23   3 20   4 25   5 16   7 24   8 17  10 13  11 18  12 19  14 21  15 22 "
 "   0 11   1 12   2  9   3  4   5  8   6 25   7 18  10 17  13 16  14 23  15 24  19 20  21 22 "
 "   0 13   1 10   2 15   3 24   4  9   5 20   6 11   7 12   8 23  14 25  16 19  17 22  18 21 "
 "   0 15   1 20   2 19   3 22   4 17   5 12   6 21   7 14   8 11   9 24  10 25  13 18  16 23 "



    4: |Aut(M)| =  1,  Cycles:28(6:8:12) 
 "   0  1   2  3   4  5   6  7   8  9  10 11  12 13  14 15  16 17  18 19  20 21  22 23  24 25 "
 "   0  3   1  4   2  5   6  9   7 10   8 13  11 12  14 17  15 18  16 21  19 22  20 25  23 24 "
 "   0  5   1  2   3 14   4 19   6 13   7 16   8 15   9 18  10 23  11 24  12 21  17 20  22 25 "
 "   0  7   1 14   2 11   3  4   5 20   6 23   8 21   9 16  10 17  12 25  13 18  15 22  19 24 "
 "   0  9   1 12   2 23   3 20   4 17   5 10   6 15   7 24   8 11  13 16  14 19  18 25  21 22 "
 "   0 11   1 16   2 25   3 18   4  7   5  8   6 17   9 10  12 15  13 22  14 23  19 20  21 24 "
 "   0 13   1 10   2 19   3  6   4 25   5 14   7 20   8 17   9 22  11 16  12 23  15 24  18 21 "
 "   0 15   1 22   2  9   3 24   4 13   5 16   6 25   7  8  10 19  11 20  12 17  14 21  18 23 "



    5: |Aut(M)| =  1,  Cycles:28(6:8:12) 
 "   0  1   2  3   4  5   6  7   8  9  10 11  12 13  14 15  16 17  18 19  20 21  22 23  24 25 "
 "   0  3   1  4   2  5   6  9   7 10   8 13  11 12  14 17  15 18  16 21  19 22  20 25  23 24 "
 "   0  5   1  2   3 14   4 19   6 13   7 16   8 15   9 18  10 23  11 24  12 21  17 20  22 25 "
 "   0  7   1 14   2 25   3 12   4  9   5 10   6 17   8 19  11 18  13 24  15 20  16 23  21 22 "
 "   0  9   1 16   2 17   3  8   4 15   5 12   6 23   7 24  10 19  11 20  13 22  14 25  18 21 "
 "   0 11   1 24   2 21   3 18   4 17   5 20   6 15   7 22   8 25   9 10  12 19  13 16  14 23 "
 "   0 13   1  6   2 15   3 16   4 25   5  8   7 12   9 20  10 17  11 22  14 19  18 23  21 24 "
 "   0 15   1 22   2  9   3 10   4  7   5 16   6 21   8 11  12 23  13 14  17 24  18 25  19 20 "



    6: |Aut(M)| =  1,  Cycles:28(6:8:12) 
 "   0  1   2  3   4  5   6  7   8  9  10 11  12 13  14 15  16 17  18 19  20 21  22 23  24 25 "
 "   0  3   1  4   2  5   6  9   7 10   8 13  11 12  14 17  15 18  16 21  19 22  20 25  23 24 "
 "   0  5   1  2   3 14   4 19   6 13   7 16   8 15   9 18  10 23  11 24  12 21  17 20  22 25 "
 "   0  7   1 16   2 15   3  4   5  8   6 17   9 24  10 25  11 14  12 23  13 18  19 20  21 22 "
 "   0  9   1 18   2 23   3 12   4 25   5 10   6 21   7 22   8 19  11 16  13 14  15 20  17 24 "
 "   0 11   1  8   2 21   3 24   4  7   5 18   6 19   9 14  10 15  12 25  13 16  17 22  20 23 "
 "   0 13   1  6   2 11   3 20   4 23   5 24   7 14   8 25   9 22  10 21  12 19  15 16  17 18 "
 "   0 15   1 10   2 13   3 16   4 17   5 22   6 25   7 18   8 23   9 12  11 20  14 21  19 24 "



    7: |Aut(M)| =  1,  Cycles:28(6:8:12) 
 "   0  1   2  3   4  5   6  7   8  9  10 11  12 13  14 15  16 17  18 19  20 21  22 23  24 25 "
 "   0  3   1  4   2  5   6  9   7 10   8 13  11 12  14 17  15 18  16 21  19 22  20 25  23 24 "
 "   0  5   1  2   3 14   4 19   6 13   7 16   8 15   9 18  10 23  11 24  12 21  17 20  22 25 "
 "   0  7   1 20   2 19   3  4   5 24   6 21   8 17   9 12  10 13  11 16  14 25  15 22  18 23 "
 "   0  9   1  6   2 15   3 18   4 11   5 12   7  8  10 25  13 22  14 21  16 23  17 24  19 20 "
 "   0 11   1 18   2  7   3 22   4 13   5 20   6 23   8 25   9 16  10 15  12 17  14 19  21 24 "
 "   0 13   1 22   2 11   3 20   4 21   5 10   6 15   7 24   8 19   9 14  12 23  16 25  17 18 "
 "   0 15   1  8   2 25   3 12   4 17   5  6   7 18   9 20  10 21  11 22  13 24  14 23  16 19 "



    8: |Aut(M)| =  1,  Cycles:28(6:8:12) 
 "   0  1   2  3   4  5   6  7   8  9  10 11  12 13  14 15  16 17  18 19  20 21  22 23  24 25 "
 "   0  3   1  4   2  5   6  9   7 10   8 13  11 12  14 17  15 18  16 21  19 22  20 25  23 24 "
 "   0  5   1  2   3 14   4 19   6 13   7 16   8 15   9 18  10 23  11 24  12 21  17 20  22 25 "
 "   0  7   1 20   2 21   3 24   4 15   5 22   6 19   8 23   9 14  10 13  11 16  12 17  18 25 "
 "   0  9   1 14   2 13   3 20   4 21   5 12   6 17   7 24   8 19  10 15  11 22  16 25  18 23 "
 "   0 11   1 16   2 15   3 22   4 25   5  6   7 12   8 17   9 20  10 19  13 24  14 23  18 21 "
 "   0 13   1  8   2 25   3  4   5 16   6 23   7 18   9 12  10 21  11 14  15 22  17 24  19 20 "
 "   0 15   1 24   2 19   3 12   4 13   5 18   6 11   7 20   8 21   9 22  10 17  14 25  16 23 "



    9: |Aut(M)| =  1,  Cycles:28(6:8:12) 
 "   0  1   2  3   4  5   6  7   8  9  10 11  12 13  14 15  16 17  18 19  20 21  22 23  24 25 "
 "   0  3   1  4   2  5   6  9   7 10   8 13  11 12  14 17  15 18  16 21  19 22  20 25  23 24 "
 "   0  5   1  2   3 14   4 19   6 13   7 16   8 15   9 18  10 23  11 24  12 21  17 20  22 25 "
 "   0  7   1 20   2 25   3 18   4 23   5  8   6 17   9 12  10 21  11 14  13 22  15 16  19 24 "
 "   0  9   1 18   2 15   3 22   4 21   5 16   6 19   7 24   8 11  10 25  12 17  13 20  14 23 "
 "   0 11   1 16   2 23   3 20   4  7   5 12   6 15   8 25   9 14  10 19  13 24  17 18  21 22 "
 "   0 13   1 14   2 11   3 24   4 25   5 10   6 21   7 18   8 17   9 22  12 15  16 19  20 23 "
 "   0 15   1 22   2 19   3  8   4 17   5 14   6 25   7 20   9 10  11 18  12 23  13 16  21 24 "



   10: |Aut(M)| =  1,  Cycles:28(6:8:12) 
 "   0  1   2  3   4  5   6  7   8  9  10 11  12 13  14 15  16 17  18 19  20 21  22 23  24 25 "
 "   0  3   1  4   2  5   6  9   7 10   8 13  11 12  14 17  15 18  16 21  19 22  20 25  23 24 "
 "   0  5   1  2   3 14   4 19   6 13   7 16   8 15   9 18  10 23  11 24  12 21  17 20  22 25 "
 "   0  7   1 24   2 23   3 18   4 13   5  8   6 17   9 12  10 21  11 14  15 22  16 25  19 20 "
 "   0  9   1 18   2  7   3 10   4 25   5 16   6 19   8 11  12 23  13 14  15 20  17 24  21 22 "
 "   0 11   1 12   2 19   3 16   4 21   5  6   7 20   8 25   9 22  10 17  13 18  14 23  15 24 "
 "   0 13   1 10   2  9   3 22   4 15   5 20   6 11   7 18   8 17  12 25  14 21  16 23  19 24 "
 "   0 15   1 16   2 17   3 20   4 23   5 12   6 21   7 14   8 19   9 24  10 13  11 22  18 25 "

