

    1: |Aut(M)| =  1,  Cycles:28(6:8:12) 
 "   0  1   2  3   4  5   6  7   8  9  10 11  12 13  14 15  16 17  18 19  20 21  22 23  24 25 "
 "   0  3   1  4   2  5   6  9   7 10   8 13  11 12  14 17  15 18  16 21  19 22  20 25  23 24 "
 "   0  5   1  6   2  7   3 10   4 15   8 25   9 22  11 14  12 21  13 18  16 23  17 24  19 20 "
 "   0  7   1  2   3 24   4 13   5  8   6 25   9 10  11 22  12 15  14 23  16 19  17 20  18 21 "
 "   0  9   1 12   2 13   3  8   4 17   5  6   7 16  10 19  11 24  14 25  15 20  18 23  21 22 "
 "   0 11   1 14   2  9   3 18   4  7   5 12   6 21   8 19  10 17  13 24  15 16  20 23  22 25 "
 "   0 13   1  8   2 19   3 16   4 21   5 24   6 23   7 12   9 14  10 25  11 20  15 22  17 18 "
 "   0 15   1 20   2 11   3  4   5 18   6 17   7 22   8 23   9 16  10 13  12 25  14 21  19 24 "

