

    1: |Aut(M)| =  1,  Cycles:28(6:8:12) 
 "   0  1   2  3   4  5   6  7   8  9  10 11  12 13  14 15  16 17  18 19  20 21  22 23  24 25 "
 "   0  3   1  4   2  5   6  9   7 10   8 13  11 12  14 17  15 18  16 21  19 22  20 25  23 24 "
 "   0  5   1  6   2  7   3 14   4 21   8 11   9 16  10 23  12 25  13 18  15 20  17 22  19 24 "
 "   0  7   1 10   2 13   3 24   4 23   5 18   6 11   8 25   9 14  12 17  15 16  19 20  21 22 "
 "   0  9   1 22   2 17   3 20   4 15   5 12   6 13   7 18   8 23  10 19  11 14  16 25  21 24 "
 "   0 11   1 12   2 15   3  4   5 14   6 23   7 16   8 19   9 22  10 25  13 24  17 20  18 21 "
 "   0 13   1 18   2 21   3 10   4 17   5  6   7  8   9 24  11 20  12 15  14 19  16 23  22 25 "
 "   0 15   1 16   2 19   3  6   4 13   5  8   7 22   9 12  10 21  11 18  14 25  17 24  20 23 "

