

    1: |Aut(M)| =  1,  Cycles:28(6:8:12) 
 "   0  1   2  3   4  5   6  7   8  9  10 11  12 13  14 15  16 17  18 19  20 21  22 23  24 25 "
 "   0  3   1  4   2  5   6  9   7 10   8 13  11 12  14 17  15 18  16 21  19 22  20 25  23 24 "
 "   0  5   1  6   2 11   3  8   4 15   7 14   9 18  10 25  12 21  13 22  16 19  17 24  20 23 "
 "   0  7   1 22   2 23   3 18   4 25   5  8   6 21   9 14  10 13  11 16  12 17  15 24  19 20 "
 "   0  9   1 14   2 17   3 12   4 19   5 20   6 11   7 24   8 23  10 21  13 16  15 22  18 25 "
 "   0 11   1 16   2 13   3 24   4  7   5 14   6 17   8 19   9 20  10 15  12 23  18 21  22 25 "
 "   0 13   1  8   2 19   3  4   5 16   6 15   7 20   9 24  10 23  11 18  12 25  14 21  17 22 "
 "   0 15   1 18   2  9   3 10   4 17   5 24   6 23   7  8  11 20  12 19  13 14  16 25  21 22 "

