

    1: |Aut(M)| =  1,  Cycles:28(6:8:12) 
 "   0  1   2  3   4  5   6  7   8  9  10 11  12 13  14 15  16 17  18 19  20 21  22 23  24 25 "
 "   0  3   1  4   2  5   6  9   7 10   8 13  11 12  14 17  15 18  16 21  19 22  20 25  23 24 "
 "   0  5   1  6   2  7   3 14   4 25   8 23   9 20  10 17  11 18  12 21  13 22  15 24  16 19 "
 "   0  7   1 14   2 13   3 16   4 21   5 22   6 15   8 19   9 12  10 23  11 20  17 24  18 25 "
 "   0  9   1 10   2 23   3 12   4 15   5  6   7 18   8 11  13 24  14 19  16 25  17 20  21 22 "
 "   0 11   1 20   2  9   3 18   4 17   5 14   6 13   7 22   8 25  10 21  12 15  16 23  19 24 "
 "   0 13   1 18   2 25   3 10   4 11   5 24   6 17   7 14   8 21   9 16  12 19  15 22  20 23 "
 "   0 15   1  2   3 20   4 13   5  8   6 19   7 16   9 24  10 25  11 22  12 23  14 21  17 18 "

