

    1: |Aut(M)| =  1,  Cycles:28(6:8:12) 
 "   0  1   2  3   4  5   6  7   8  9  10 11  12 13  14 15  16 17  18 19  20 21  22 23  24 25 "
 "   0  3   1  4   2  5   6  9   7 10   8 13  11 12  14 17  15 18  16 21  19 22  20 25  23 24 "
 "   0  5   1  6   2 11   3 12   4 15   7 14   8 19   9 16  10 13  17 22  18 25  20 23  21 24 "
 "   0  7   1 20   2 19   3 24   4 21   5  6   8 15   9 22  10 17  11 18  12 25  13 16  14 23 "
 "   0  9   1 14   2 15   3 22   4 25   5 10   6 21   7 18   8 17  11 24  12 19  13 20  16 23 "
 "   0 11   1 24   2 21   3 14   4 13   5 22   6 25   7 16   8 23   9 12  10 19  15 20  17 18 "
 "   0 13   1  2   3 16   4 17   5 20   6 15   7 22   8 11   9 24  10 25  12 21  14 19  18 23 "
 "   0 15   1 16   2  7   3  8   4 19   5 12   6 23   9 20  10 21  11 22  13 18  14 25  17 24 "

