

    1: |Aut(M)| =  1,  Cycles:28(6:8:12) 
 "   0  1   2  3   4  5   6  7   8  9  10 11  12 13  14 15  16 17  18 19  20 21  22 23  24 25 "
 "   0  3   1  4   2  5   6  9   7 10   8 13  11 12  14 17  15 18  16 21  19 22  20 25  23 24 "
 "   0  5   1  6   2 11   3 12   4  7   8 15   9 16  10 25  13 24  14 23  17 18  19 20  21 22 "
 "   0  7   1 22   2 21   3  4   5 12   6 23   8 11   9 14  10 19  13 20  15 16  17 24  18 25 "
 "   0  9   1 18   2 17   3  8   4 21   5 22   6 19   7 16  10 15  11 24  12 25  13 14  20 23 "
 "   0 11   1  2   3 20   4  9   5  6   7 18   8 25  10 21  12 17  13 22  14 19  15 24  16 23 "
 "   0 13   1 14   2 23   3 16   4 25   5 20   6 15   7 12   8 21   9 10  11 18  17 22  19 24 "
 "   0 15   1 10   2 19   3  6   4 11   5 14   7 24   8 23   9 18  12 21  13 16  17 20  22 25 "

