

    1: |Aut(M)| =  1,  Cycles:28(6:8:12) 
 "   0  1   2  3   4  5   6  7   8  9  10 11  12 13  14 15  16 17  18 19  20 21  22 23  24 25 "
 "   0  3   1  4   2  5   6  9   7 10   8 13  11 12  14 17  15 18  16 21  19 22  20 25  23 24 "
 "   0  5   1  6   2  7   3 14   4 11   8 19   9 24  10 15  12 23  13 16  17 20  18 25  21 22 "
 "   0  7   1 22   2  9   3 20   4 17   5 24   6 13   8 11  10 21  12 15  14 19  16 25  18 23 "
 "   0  9   1  2   3 24   4 21   5 12   6 17   7 18   8 15  10 13  11 20  14 23  16 19  22 25 "
 "   0 11   1 14   2 13   3  8   4 25   5 18   6 23   7 20   9 22  10 17  12 21  15 16  19 24 "
 "   0 13   1 16   2 15   3 22   4 23   5 20   6 11   7  8   9 18  10 19  12 17  14 25  21 24 "
 "   0 15   1 20   2 17   3 12   4 19   5  6   7 24   8 25   9 10  11 18  13 22  14 21  16 23 "

