

    1: |Aut(M)| =  1,  Cycles:28(6:8:12) 
 "   0  1   2  3   4  5   6  7   8  9  10 11  12 13  14 15  16 17  18 19  20 21  22 23  24 25 "
 "   0  3   1  4   2  5   6  9   7 10   8 13  11 12  14 17  15 18  16 21  19 22  20 25  23 24 "
 "   0  5   1  6   2 11   3  8   4 15   7 24   9 16  10 17  12 19  13 20  14 23  18 21  22 25 "
 "   0  7   1 18   2 17   3 20   4 19   5  6   8 25   9 12  10 23  11 14  13 16  15 22  21 24 "
 "   0  9   1 12   2  7   3 16   4 23   5  8   6 17  10 13  11 22  14 21  15 24  18 25  19 20 "
 "   0 11   1 20   2 19   3 14   4 13   5 24   6 15   7 18   8 17   9 10  12 25  16 23  21 22 "
 "   0 13   1 22   2 25   3  4   5 16   6 11   7 20   8 23   9 18  10 21  12 15  14 19  17 24 "
 "   0 15   1 10   2  9   3  6   4 17   5 18   7 12   8 21  11 24  13 22  14 25  16 19  20 23 "

