

    1: |Aut(M)| =  1,  Cycles:28(6:8:12) 
 "   0  1   2  3   4  5   6  7   8  9  10 11  12 13  14 15  16 17  18 19  20 21  22 23  24 25 "
 "   0  3   1  4   2  5   6  9   7 10   8 13  11 12  14 17  15 18  16 21  19 22  20 25  23 24 "
 "   0  5   1  6   2  7   3 14   4 21   8 11   9 16  10 17  12 25  13 22  15 20  18 23  19 24 "
 "   0  7   1 12   2 17   3 20   4 25   5 22   6 21   8 15   9 18  10 23  11 24  13 16  14 19 "
 "   0  9   1 18   2 15   3 22   4 13   5  8   6 19   7 12  10 25  11 16  14 23  17 20  21 24 "
 "   0 11   1 20   2 13   3 18   4 17   5 10   6 25   7  8   9 14  12 19  15 24  16 23  21 22 "
 "   0 13   1 24   2  9   3  4   5 16   6 11   7 18   8 17  10 19  12 21  14 25  15 22  20 23 "
 "   0 15   1  8   2 19   3 10   4 23   5 12   6 17   7 22   9 20  11 18  13 24  14 21  16 25 "

