

    1: |Aut(M)| =  1,  Cycles:28(6:8:12) 
 "   0  1   2  3   4  5   6  7   8  9  10 11  12 13  14 15  16 17  18 19  20 21  22 23  24 25 "
 "   0  3   1  4   2  5   6  9   7 10   8 13  11 12  14 17  15 18  16 21  19 22  20 25  23 24 "
 "   0  5   1  6   2  7   3 14   4 11   8 23   9 12  10 15  13 22  16 19  17 20  18 25  21 24 "
 "   0  7   1 12   2 25   3 16   4 19   5 24   6 13   8 15   9 20  10 21  11 14  17 22  18 23 "
 "   0  9   1  2   3 18   4 25   5 16   6 15   7 22   8 11  10 13  12 19  14 21  17 24  20 23 "
 "   0 11   1 24   2 21   3  6   4 13   5 18   7 20   8 19   9 14  10 23  12 17  15 16  22 25 "
 "   0 13   1 14   2 11   3 20   4 21   5 10   6 17   7 18   8 25   9 22  12 15  16 23  19 24 "
 "   0 15   1  8   2  9   3  4   5 22   6 11   7 24  10 17  12 21  13 18  14 23  16 25  19 20 "

