

    1: |Aut(M)| =  1,  Cycles:28(6:8:12) 
 "   0  1   2  3   4  5   6  7   8  9  10 11  12 13  14 15  16 17  18 19  20 21  22 23  24 25 "
 "   0  3   1  4   2  5   6  9   7 10   8 13  11 12  14 17  15 18  16 21  19 22  20 25  23 24 "
 "   0  5   1  6   2  7   3 14   4 17   8 25   9 10  11 24  12 21  13 22  15 16  18 23  19 20 "
 "   0  7   1  8   2 17   3  4   5 24   6 15   9 20  10 13  11 18  12 19  14 23  16 25  21 22 "
 "   0  9   1 16   2 11   3 18   4 13   5  6   7 12   8 21  10 15  14 19  17 24  20 23  22 25 "
 "   0 11   1 12   2 25   3 22   4  7   5 14   6 23   8 17   9 18  10 21  13 20  15 24  16 19 "
 "   0 13   1 18   2  9   3 10   4 11   5 16   6 21   7 14   8 23  12 25  15 20  17 22  19 24 "
 "   0 15   1 20   2 23   3  8   4 19   5 22   6 17   7 24   9 12  10 25  11 16  13 18  14 21 "

