

    1: |Aut(M)| =  1,  Cycles:28(6:8:12) 
 "   0  1   2  3   4  5   6  7   8  9  10 11  12 13  14 15  16 17  18 19  20 21  22 23  24 25 "
 "   0  3   1  4   2  5   6  9   7 10   8 13  11 12  14 17  15 18  16 21  19 22  20 25  23 24 "
 "   0  5   1  2   3 14   4 23   6 11   7 12   8 19   9 16  10 21  13 20  15 24  17 18  22 25 "
 "   0  7   1 24   2 25   3  6   4 11   5 18   8 17   9 12  10 23  13 16  14 21  15 22  19 20 "
 "   0  9   1 14   2 13   3 20   4 21   5 12   6 25   7  8  10 15  11 24  16 19  17 22  18 23 "
 "   0 11   1 18   2  7   3 22   4  9   5 20   6 21   8 23  10 25  12 17  13 14  15 16  19 24 "
 "   0 13   1 16   2 17   3 12   4 15   5 24   6 19   7 22   8 21   9 10  11 18  14 25  20 23 "
 "   0 15   1  6   2 19   3  4   5 16   7 14   8 25   9 18  10 13  11 20  12 23  17 24  21 22 "

