

    1: |Aut(M)| =  1,  Cycles:28(6:8:12) 
 "   0  1   2  3   4  5   6  7   8  9  10 11  12 13  14 15  16 17  18 19  20 21  22 23  24 25 "
 "   0  3   1  4   2  5   6  9   7 10   8 13  11 12  14 17  15 18  16 21  19 22  20 25  23 24 "
 "   0  5   1  6   2 11   3 12   4 15   7 14   8 19   9 22  10 21  13 24  16 25  17 20  18 23 "
 "   0  7   1 16   2 23   3 18   4 19   5 22   6 21   8 11   9 24  10 25  12 17  13 14  15 20 "
 "   0  9   1 14   2 13   3 22   4  7   5 12   6 17   8 25  10 19  11 20  15 24  16 23  18 21 "
 "   0 11   1 22   2 17   3  4   5 20   6 25   7 12   8 21   9 14  10 23  13 18  15 16  19 24 "
 "   0 13   1  2   3 10   4 21   5 16   6 15   7 24   8 23   9 12  11 22  14 25  17 18  19 20 "
 "   0 15   1  8   2 19   3 24   4 17   5 10   6 11   7 22   9 20  12 23  13 16  14 21  18 25 "

