

    1: |Aut(M)| =  1,  Cycles:28(6:8:12) 
 "   0  1   2  3   4  5   6  7   8  9  10 11  12 13  14 15  16 17  18 19  20 21  22 23  24 25 "
 "   0  3   1  4   2  5   6  9   7 10   8 13  11 12  14 17  15 18  16 21  19 22  20 25  23 24 "
 "   0  5   1  6   2  7   3 12   4 15   8 23   9 16  10 19  11 20  13 14  17 24  18 21  22 25 "
 "   0  7   1 18   2 25   3  4   5 14   6 13   8 11   9 24  10 15  12 19  16 23  17 20  21 22 "
 "   0  9   1  2   3  8   4  7   5 10   6 25  11 24  12 17  13 20  14 21  15 22  16 19  18 23 "
 "   0 11   1 12   2 21   3 24   4 23   5  8   6 17   7 14   9 10  13 22  15 16  18 25  19 20 "
 "   0 13   1 20   2  9   3 16   4 21   5 12   6 15   7 22   8 17  10 23  11 18  14 25  19 24 "
 "   0 15   1  8   2 19   3  6   4 11   5 18   7 20   9 14  10 21  12 23  13 24  16 25  17 22 "

