

    1: |Aut(M)| =  1,  Cycles:28(6:8:12) 
 "   0  1   2  3   4  5   6  7   8  9  10 11  12 13  14 15  16 17  18 19  20 21  22 23  24 25 "
 "   0  3   1  4   2  5   6  9   7 10   8 13  11 12  14 17  15 18  16 21  19 22  20 25  23 24 "
 "   0  5   1  6   2 11   3 12   4 15   7 14   8 23   9 20  10 19  13 16  17 24  18 25  21 22 "
 "   0  7   1 10   2 17   3  4   5 18   6 23   8 21   9 12  11 22  13 20  14 25  15 16  19 24 "
 "   0  9   1 12   2 23   3 14   4 19   5 16   6 13   7 20   8 25  10 17  11 18  15 22  21 24 "
 "   0 11   1 20   2 13   3 22   4  7   5 24   6 15   8 17   9 14  10 21  12 19  16 25  18 23 "
 "   0 13   1 24   2  7   3 20   4 17   5 22   6 19   8 11   9 16  10 15  12 25  14 23  18 21 "
 "   0 15   1 16   2 19   3 24   4 11   5  8   6 25   7 18   9 10  12 21  13 14  17 22  20 23 "

