

    1: |Aut(M)| =  1,  Cycles:28(6:8:12) 
 "   0  1   2  3   4  5   6  7   8  9  10 11  12 13  14 15  16 17  18 19  20 21  22 23  24 25 "
 "   0  3   1  4   2  5   6  9   7 10   8 13  11 12  14 17  15 18  16 21  19 22  20 25  23 24 "
 "   0  5   1  2   3  4   6 11   7  8   9 14  10 21  12 23  13 18  15 16  17 20  19 24  22 25 "
 "   0  7   1  8   2  9   3  6   4 23   5 10  11 16  12 15  13 24  14 25  17 18  19 20  21 22 "
 "   0  9   1 12   2 25   3 18   4 17   5 24   6 19   7 16   8 21  10 23  11 14  13 20  15 22 "
 "   0 11   1 24   2 17   3 22   4 13   5 20   6 15   7 18   8 25   9 10  12 21  14 23  16 19 "
 "   0 13   1 14   2 23   3 12   4 21   5  6   7 20   8 19   9 16  10 15  11 22  17 24  18 25 "
 "   0 15   1 20   2  7   3 24   4 11   5 22   6 23   8 17   9 18  10 25  12 19  13 16  14 21 "



    2: |Aut(M)| =  1,  Cycles:28(6:8:12) 
 "   0  1   2  3   4  5   6  7   8  9  10 11  12 13  14 15  16 17  18 19  20 21  22 23  24 25 "
 "   0  3   1  4   2  5   6  9   7 10   8 13  11 12  14 17  15 18  16 21  19 22  20 25  23 24 "
 "   0  5   1  2   3  4   6 11   7  8   9 14  10 21  12 23  13 18  15 16  17 20  19 24  22 25 "
 "   0  7   1  8   2 17   3 12   4 11   5 22   6 21   9 18  10 23  13 24  14 19  15 20  16 25 "
 "   0  9   1 20   2 19   3 16   4  7   5 12   6 23   8 21  10 15  11 22  13 14  17 24  18 25 "
 "   0 11   1 22   2 23   3 20   4 13   5 14   6 15   7 12   8 19   9 16  10 25  17 18  21 24 "
 "   0 13   1 18   2 21   3 24   4 17   5  6   7 16   8 23   9 10  11 14  12 25  15 22  19 20 "
 "   0 15   1 12   2 25   3 10   4 23   5  8   6 17   7 24   9 22  11 18  13 20  14 21  16 19 "



    3: |Aut(M)| =  1,  Cycles:28(6:8:12) 
 "   0  1   2  3   4  5   6  7   8  9  10 11  12 13  14 15  16 17  18 19  20 21  22 23  24 25 "
 "   0  3   1  4   2  5   6  9   7 10   8 13  11 12  14 17  15 18  16 21  19 22  20 25  23 24 "
 "   0  5   1  2   3  4   6 11   7  8   9 14  10 21  12 23  13 18  15 16  17 20  19 24  22 25 "
 "   0  7   1  8   2 19   3 12   4 25   5 14   6 23   9 16  10 17  11 22  13 20  15 24  18 21 "
 "   0  9   1  6   2 15   3  8   4 19   5 20   7 22  10 13  11 16  12 17  14 23  18 25  21 24 "
 "   0 11   1 16   2  7   3 20   4 23   5 18   6 21   8 15   9 24  10 19  12 25  13 14  17 22 "
 "   0 13   1 22   2  9   3 24   4 11   5 16   6 19   7 14   8 25  10 15  12 21  17 18  20 23 "
 "   0 15   1 10   2 17   3 22   4  9   5  6   7 20   8 21  11 18  12 19  13 24  14 25  16 23 "



    4: |Aut(M)| =  1,  Cycles:28(6:8:12) 
 "   0  1   2  3   4  5   6  7   8  9  10 11  12 13  14 15  16 17  18 19  20 21  22 23  24 25 "
 "   0  3   1  4   2  5   6  9   7 10   8 13  11 12  14 17  15 18  16 21  19 22  20 25  23 24 "
 "   0  5   1  2   3  4   6 11   7  8   9 14  10 21  12 23  13 18  15 16  17 20  19 24  22 25 "
 "   0  7   1  8   2 21   3 22   4 17   5 18   6 23   9 20  10 19  11 16  12 15  13 24  14 25 "
 "   0  9   1 20   2 13   3 24   4 15   5  6   7 22   8 21  10 17  11 14  12 19  16 23  18 25 "
 "   0 11   1 14   2 19   3 20   4  7   5 16   6 21   8 23   9 24  10 15  12 25  13 22  17 18 "
 "   0 13   1 18   2 17   3 10   4 23   5 20   6 25   7 12   8 11   9 16  14 19  15 24  21 22 "
 "   0 15   1 16   2 23   3  8   4 25   5 12   6 17   7 18   9 22  10 13  11 24  14 21  19 20 "



    5: |Aut(M)| =  1,  Cycles:28(6:8:12) 
 "   0  1   2  3   4  5   6  7   8  9  10 11  12 13  14 15  16 17  18 19  20 21  22 23  24 25 "
 "   0  3   1  4   2  5   6  9   7 10   8 13  11 12  14 17  15 18  16 21  19 22  20 25  23 24 "
 "   0  5   1  2   3  4   6 11   7  8   9 14  10 21  12 23  13 18  15 16  17 20  19 24  22 25 "
 "   0  7   1  8   2 23   3 20   4 19   5 12   6 15   9 10  11 24  13 16  14 25  17 18  21 22 "
 "   0  9   1 20   2 21   3 14   4 13   5 18   6 19   7 12   8 25  10 17  11 22  15 24  16 23 "
 "   0 11   1 22   2 17   3 24   4 15   5  8   6 25   7 20   9 12  10 23  13 14  16 19  18 21 "
 "   0 13   1 18   2 15   3  6   4 21   5 16   7 14   8 11   9 24  10 19  12 25  17 22  20 23 "
 "   0 15   1 10   2 11   3  8   4  9   5 14   6 21   7 22  12 17  13 24  16 25  18 23  19 20 "



    6: |Aut(M)| =  1,  Cycles:28(6:8:12) 
 "   0  1   2  3   4  5   6  7   8  9  10 11  12 13  14 15  16 17  18 19  20 21  22 23  24 25 "
 "   0  3   1  4   2  5   6  9   7 10   8 13  11 12  14 17  15 18  16 21  19 22  20 25  23 24 "
 "   0  5   1  2   3  4   6 11   7  8   9 14  10 21  12 23  13 18  15 16  17 20  19 24  22 25 "
 "   0  7   1 12   2 15   3 22   4 17   5 24   6 13   8 21   9 18  10 19  11 20  14 25  16 23 "
 "   0  9   1 10   2 11   3  8   4 15   5 20   6 21   7 22  12 25  13 16  14 19  17 24  18 23 "
 "   0 11   1 14   2 25   3 16   4  9   5 18   6 17   7 24   8 23  10 15  12 19  13 20  21 22 "
 "   0 13   1  8   2 19   3 20   4 23   5 10   6 25   7 14   9 24  11 16  12 15  17 22  18 21 "
 "   0 15   1 20   2 21   3 10   4 11   5 14   6 23   7 18   8 19   9 22  12 17  13 24  16 25 "



    7: |Aut(M)| =  1,  Cycles:28(6:8:12) 
 "   0  1   2  3   4  5   6  7   8  9  10 11  12 13  14 15  16 17  18 19  20 21  22 23  24 25 "
 "   0  3   1  4   2  5   6  9   7 10   8 13  11 12  14 17  15 18  16 21  19 22  20 25  23 24 "
 "   0  5   1  2   3  4   6 11   7  8   9 14  10 21  12 23  13 18  15 16  17 20  19 24  22 25 "
 "   0  7   1 16   2  9   3 20   4 23   5 14   6 19   8 25  10 13  11 18  12 17  15 22  21 24 "
 "   0  9   1 20   2 19   3 14   4 11   5 12   6 15   7 22   8 21  10 25  13 24  16 23  17 18 "
 "   0 11   1 12   2 17   3  6   4 25   5 22   7 16   8 19   9 24  10 15  13 14  18 21  20 23 "
 "   0 13   1 22   2 15   3 10   4 17   5 24   6 21   7 18   8 23   9 12  11 20  14 19  16 25 "
 "   0 15   1 24   2 21   3 16   4  7   5 18   6 13   8 11   9 20  10 23  12 19  14 25  17 22 "



    8: |Aut(M)| =  1,  Cycles:28(6:8:12) 
 "   0  1   2  3   4  5   6  7   8  9  10 11  12 13  14 15  16 17  18 19  20 21  22 23  24 25 "
 "   0  3   1  4   2  5   6  9   7 10   8 13  11 12  14 17  15 18  16 21  19 22  20 25  23 24 "
 "   0  5   1  2   3  4   6 11   7  8   9 14  10 21  12 23  13 18  15 16  17 20  19 24  22 25 "
 "   0  7   1 16   2 19   3 14   4 13   5 18   6 17   8 21   9 10  11 22  12 25  15 24  20 23 "
 "   0  9   1 18   2 11   3 22   4  7   5 20   6 21   8 25  10 15  12 17  13 24  14 23  16 19 "
 "   0 11   1 12   2 17   3 24   4 23   5  8   6 15   7 16   9 20  10 13  14 19  18 25  21 22 "
 "   0 13   1  6   2 25   3 18   4 15   5 10   7 20   8 19   9 22  11 14  12 21  16 23  17 24 "
 "   0 15   1  8   2 23   3 16   4  9   5 14   6 25   7 22  10 17  11 24  12 19  13 20  18 21 "



    9: |Aut(M)| =  1,  Cycles:28(6:8:12) 
 "   0  1   2  3   4  5   6  7   8  9  10 11  12 13  14 15  16 17  18 19  20 21  22 23  24 25 "
 "   0  3   1  4   2  5   6  9   7 10   8 13  11 12  14 17  15 18  16 21  19 22  20 25  23 24 "
 "   0  5   1  2   3  4   6 11   7  8   9 14  10 21  12 23  13 18  15 16  17 20  19 24  22 25 "
 "   0  7   1 18   2 17   3 14   4 23   5 10   6 15   8 11   9 22  12 25  13 20  16 19  21 24 "
 "   0  9   1 20   2 21   3 12   4  7   5 24   6 19   8 15  10 17  11 22  13 14  16 23  18 25 "
 "   0 11   1 22   2 23   3 10   4 15   5 18   6 21   7 12   8 25   9 20  13 16  14 19  17 24 "
 "   0 13   1 24   2  9   3 22   4 17   5 12   6 25   7 16   8 19  10 15  11 20  14 21  18 23 "
 "   0 15   1 10   2 11   3 24   4 25   5 14   6 13   7 20   8 23   9 16  12 19  17 22  18 21 "



   10: |Aut(M)| =  1,  Cycles:28(6:8:12) 
 "   0  1   2  3   4  5   6  7   8  9  10 11  12 13  14 15  16 17  18 19  20 21  22 23  24 25 "
 "   0  3   1  4   2  5   6  9   7 10   8 13  11 12  14 17  15 18  16 21  19 22  20 25  23 24 "
 "   0  5   1  2   3  4   6 11   7  8   9 14  10 21  12 23  13 18  15 16  17 20  19 24  22 25 "
 "   0  7   1 24   2  9   3 16   4 21   5 14   6 13   8 17  10 15  11 22  12 25  18 23  19 20 "
 "   0  9   1 10   2 17   3 14   4 19   5 24   6 25   7 22   8 11  12 15  13 16  18 21  20 23 "
 "   0 11   1  8   2 19   3 20   4 15   5 18   6 23   7 24   9 10  12 21  13 14  16 25  17 22 "
 "   0 13   1 14   2 21   3  6   4 23   5  8   7 12   9 22  10 25  11 18  15 20  16 19  17 24 "
 "   0 15   1 22   2 13   3  8   4  9   5 12   6 19   7 16  10 17  11 20  14 23  18 25  21 24 "

