

    1: |Aut(M)| =  1,  Cycles:28(6:8:12) 
 "   0  1   2  3   4  5   6  7   8  9  10 11  12 13  14 15  16 17  18 19  20 21  22 23  24 25 "
 "   0  3   1  4   2  5   6  9   7 10   8 13  11 12  14 17  15 18  16 21  19 22  20 25  23 24 "
 "   0  5   1  6   2  7   3 14   4 23   8 25   9 12  10 17  11 20  13 24  15 22  16 19  18 21 "
 "   0  7   1 14   2 25   3  8   4 11   5 18   6 21   9 24  10 23  12 19  13 16  15 20  17 22 "
 "   0  9   1 24   2 23   3  4   5 22   6 19   7 14   8 15  10 21  11 16  12 17  13 20  18 25 "
 "   0 11   1  2   3 18   4 21   5 16   6 13   7  8   9 22  10 19  12 25  14 23  15 24  17 20 "
 "   0 13   1 20   2 15   3 16   4  7   5 12   6 23   8 19   9 10  11 18  14 25  17 24  21 22 "
 "   0 15   1 22   2 19   3 12   4 25   5 10   6 17   7 24   8 11   9 16  13 18  14 21  20 23 "

